ATLAS CENTAUR 2
1 00694U 63047A   26240.57689547  .00001886  00000+0  21752-3 0  9996
2 00694  30.3547 314.5266 0545248 155.9622 206.7464 14.12639439155943
THOR AGENA D R/B
1 00733U 64002A   26241.06723897  .00000124  00000+0  61382-4 0  9992
2 00733  99.1149 263.7287 0033806 115.8874 244.5800 14.34089986263003
SL-3 R/B
1 00877U 64053B   26241.14016446  .00000103  00000+0  44231-4 0  9992
2 00877  65.0764 185.6015 0078065 238.0610 121.2883 14.61457347291991
SL-8 R/B
1 02802U 67045B   26241.15962927  .00000189  00000+0  59801-4 0  9994
2 02802  74.0120  25.9583 0064421 350.9056   9.0929 14.45713064113947
SL-8 R/B
1 03230U 68040B   26240.68839782  .00002213  00000+0  16173-3 0  9999
2 03230  74.0321 321.9774 0022787  95.2395 265.1395 15.04140949115868
OAO 2
1 03597U 68110A   26240.48867713  .00000157  00000+0  47307-4 0  9995
2 03597  34.9944  25.9655 0004949 140.7784 219.3266 14.47374865 44004
ISIS 1
1 03669U 69009A   26241.12922258  .00000182  00000+0  11249-3 0  9994
2 03669  88.4430 136.3944 1707650 100.9664 278.7381 11.30444469368015
SERT 2
1 04327U 70009A   26241.07032765 -.00000009  00000+0  43974-4 0  9997
2 04327  99.2852 174.8744 0005845  84.9847 285.1756 13.58744164803301
SL-3 R/B
1 05118U 71028B   26241.13317248  .00100434  00000+0  60533-3 0  9998
2 05118  81.2300 196.5586 0011758  43.2960 316.9224 15.77255717 15715
ASTEX 1
1 05560U 71089A   26239.66154513  .00000439  00000+0  11140-3 0  9999
2 05560  92.7064 206.8911 0013776 220.5491 139.4690 14.50900272887094
SL-8 R/B
1 05730U 71119B   26241.04274617  .00004710  00000+0  24289-3 0  9999
2 05730  73.8842 212.8300 0539381 143.9914 219.8882 14.40196477680280
OAO 3 (COPERNICUS)
1 06153U 72065A   26240.51459962  .00000285  00000+0  62646-4 0  9992
2 06153  35.0065  38.2738 0005961 130.5887 276.4285 14.60094304871326
ATLAS CENTAUR R/B
1 06155U 72065B   26241.10013795  .00000807  00000+0  11243-3 0  9996
2 06155  35.0027  15.0505 0033353  20.5868 339.6170 14.78024292866781
OSCAR 7 (AO-7)
1 07530U 74089B   26240.99051976 -.00000032  00000+0  91679-4 0  9994
2 07530 101.9921 254.9984 0012216 354.2069  32.1306 12.53699346369643
SL-8 R/B
1 08459U 75112B   26240.51871625  .00000241  00000+0  87837-4 0  9994
2 08459  74.0591  62.8025 0014745 111.9441 248.3282 14.38272671656578
SL-3 R/B
1 10114U 77057B   26241.10636715  .00011305  00000+0  20886-3 0  9993
2 10114  97.5869  61.2735 0007346  28.6167 331.5485 15.49226835694998
SEASAT 1
1 10967U 78064A   26240.93438948  .00000128  00000+0  74020-4 0  9997
2 10967 108.0105 126.9979 0001756 302.6211  57.4765 14.46279550531418
SL-14 R/B
1 11267U 79011B   26241.14102360  .00000365  00000+0  33360-4 0  9999
2 11267  82.5232 292.9268 0015486 195.8113 164.2626 14.92068781554491
SL-8 R/B
1 11574U 79089B   26241.16758300  .00000165  00000+0  57776-4 0  9993
2 11574  74.0690 131.7590 0016845 260.1405  99.7850 14.42431423460976
SL-14 R/B
1 11672U 80005B   26241.13358796  .00000424  00000+0  40247-4 0  9997
2 11672  82.5165 143.6531 0014502 312.5810  47.4184 14.91085408502185
SL-8 R/B
1 12139U 81003B   26241.17914578  .00018223  00000+0  43197-3 0  9997
2 12139  82.9374 129.8379 0240085 296.1537  61.5179 15.16834504340779
SL-3 R/B
1 12465U 81046B   26241.11915655  .00012095  00000+0  24924-3 0  9995
2 12465  81.2269  82.1094 0017905 134.2120 226.0600 15.45590359465037
SL-3 R/B
1 12904U 81103B   26241.13480183  .00004270  00000+0  18125-3 0  9994
2 12904  81.1604  10.8864 0013625  66.5628 293.7035 15.22789793999464
SL-3 R/B
1 13068U 82013B   26241.21533803  .00003370  00000+0  14052-3 0  9999
2 13068  81.1758 318.3155 0020852 319.0382  40.9283 15.23216975430609
SL-3 R/B
1 13154U 82039B   26241.15720929  .00002028  00000+0  11910-3 0  9992
2 13154  81.1515  16.7883 0031122 109.7412 250.7175 15.10857045407670
SL-3 R/B
1 13403U 82079B   26241.15885226  .00004736  00000+0  17993-3 0  9990
2 13403  81.1493 349.1307 0022728 302.0865  57.8162 15.26359267403991
SL-14 R/B
1 13553U 82092B   26241.02798748  .00000363  00000+0  37787-4 0  9995
2 13553  82.5715 340.1433 0021889  89.5990  83.2272 14.86793602354533
SL-3 R/B
1 13819U 83010B   26241.19689212  .00017200  00000+0  29451-3 0  9990
2 13819  81.1035 149.9327 0014984 154.1274 206.0726 15.50969031384644
PHASE 3B (AO-10)
1 14129U 83058B   26234.88657270 -.00000310  00000+0  00000+0 0  9994
2 14129  25.9661 208.6277 5988982 133.9728 294.5118  2.05871966296867
SL-3 R/B
1 14208U 83075B   26241.04996003  .00010423  00000+0  24712-3 0  9992
2 14208  97.6115 252.6058 0019003 336.6019  23.4360 15.41753842356681
COSMOS 1536
1 14699U 84013A   26241.17226184  .00005671  00000+0  22012-3 0  9999
2 14699  82.5437 296.1210 0014718  41.7836 318.4523 15.25780869298906
UOSAT 2 (UO-11)
1 14781U 84021B   26240.63991060  .00001368  00000+0  14420-3 0  9995
2 14781  97.8137 205.4419 0006386 313.6290  46.4398 14.90952907267926
SL-14 R/B
1 14820U 84027B   26241.06895826  .00000327  00000+0  34402-4 0  9993
2 14820  82.5383  83.3620 0019272 120.1567 240.1562 14.86101830273230
SL-8 R/B
1 15483U 85006B   26241.20965626  .00000127  00000+0  50568-4 0  9998
2 15483  74.0461 303.6852 0018195 179.5042 239.9245 14.37860980178820
SL-12 R/B(2)
1 15772U 85042D   26241.04956971  .00000105  00000+0  68789-4 0  9994
2 15772  71.1065  83.5751 0036444 220.0722 256.0648 14.22018387138895
SL-14 R/B
1 15945U 85069B   26240.93351998  .00000376  00000+0  39598-4 0  9996
2 15945  82.5248 222.9417 0018320 346.7442  13.3290 14.86559570198428
SL-16 R/B
1 16182U 85097B   26241.14807816 -.00000036  00000+0  61503-5 0  9996
2 16182  71.0028 137.4752 0008099 337.6907 129.3599 14.16617459111654
SL-14 R/B
1 16496U 86006B   26241.06403712  .00000499  00000+0  49812-4 0  9993
2 16496  82.5243  97.5322 0077647  61.6419 299.2599 14.87001644174820
COSMOS 1743
1 16719U 86034A   26241.10390281  .00072694  00000+0  50711-3 0  9998
2 16719  82.5206 250.7888 0003610  69.3363 290.8288 15.74060037207231
SL-14 R/B
1 16792U 86046B   26241.16054654  .00000300  00000+0  31621-4 0  9994
2 16792  82.4795 277.2272 0023576  21.6621 338.5586 14.85715645152015
SL-14 R/B
1 16882U 86055B   26241.21741007  .00000356  00000+0  38059-4 0  9998
2 16882  82.5233 324.4764 0020247 119.1578 300.6346 14.85768211144988
AJISAI (EGS)
1 16908U 86061A   26241.13684736 -.00000074  00000+0  16762-3 0  9994
2 16908  50.0089 283.0807 0011229   6.3345  74.0213 12.44517185489479
SL-14 R/B
1 17567U 87024B   26241.19861575  .00000305  00000+0  31779-4 0  9992
2 17567  82.5273 290.6328 0019428  52.5897 307.7084 14.86258005113750
COSMOS 1833
1 17589U 87027A   26240.95022426 -.00000281  00000+0 -12413-3 0  9994
2 17589  70.9218 323.9357 0027066 302.2075  57.6421 14.13058417 34658
SL-16 R/B
1 17590U 87027B   26241.19998022  .00000317  00000+0  18107-3 0  9991
2 17590  71.0010 272.9699 0006711 233.9621 126.0882 14.17180421 39781
SL-14 R/B
1 17912U 87038B   26241.14771687  .00000327  00000+0  35042-4 0  9991
2 17912  82.5026 134.3569 0018194 318.3159  41.6669 14.85488742104838
COSMOS 1844
1 17973U 87041A   26240.80058716  .00000065  00000+0  58606-4 0  9995
2 17973  70.9003  31.1372 0029002 126.3951 233.9853 14.14583988 27929
SL-14 R/B
1 18153U 87055B   26240.82484607  .00000343  00000+0  36497-4 0  9998
2 18153  82.5010 186.7520 0021063 160.0596 200.1449 14.85750481 95494
COSMOS 1867
1 18187U 87060A   26240.85827808 -.00000067  00000+0  12477-4 0  9994
2 18187  65.0101 184.5366 0018181 281.3203  78.5839 14.31522340 44587
SL-14 R/B
1 18749U 88001B   26241.16860047  .00000354  00000+0  37967-4 0  9990
2 18749  82.5126  33.0929 0018793  32.2005 328.0355 14.85651086 67633
COSMOS 1933
1 18958U 88020A   26240.30554612  .00003107  00000+0  14660-3 0  9999
2 18958  82.5093  80.9879 0003377 346.6036  13.5108 15.19114244 76271
SL-3 R/B
1 19046U 88032B   26240.93474830  .00004170  00000+0  18788-3 0  9999
2 19046  97.5327 223.9547 0025033 357.2560   2.8534 15.21345563 78280
SL-16 R/B
1 19120U 88039B   26240.48529583  .00000143  00000+0  90099-4 0  9997
2 19120  71.0133  65.2819 0019708  74.6712 285.6589 14.19635692982764
COSMOS 1953
1 19210U 88050A   26240.72495140  .00007148  00000+0  23834-3 0  9992
2 19210  82.5110 344.8350 0009516 229.4734 130.5679 15.30861217 64084
SL-8 R/B
1 19257U 88053B   26241.15090750  .00000162  00000+0  60864-4 0  9996
2 19257  74.0483 154.5597 0021160 290.9218 173.9448 14.38989595  1298
COSMOS 1975
1 19573U 88093A   26240.63090854  .00005662  00000+0  19282-3 0  9995
2 19573  82.5195 304.7946 0009349 283.5186  76.5013 15.30146642 45685
SL-14 R/B
1 19574U 88093B   26240.48728271  .00000310  00000+0  32743-4 0  9993
2 19574  82.5277 240.7616 0020429 185.1590 334.5375 14.85781011 26522
SL-16 R/B
1 19650U 88102B   26241.18227162 -.00000155  00000+0 -54373-4 0  9992
2 19650  71.0003 148.5499 0012016 111.0369 249.2041 14.16172807951313
INTERCOSMOS 24
1 20261U 89080A   26240.76443042  .00000484  00000+0  14345-3 0  9995
2 20261  82.6122 352.3995 1186032 253.4036  93.3780 12.59712406688463
SL-14 R/B
1 20262U 89080C   26240.48903390  .00000452  00000+0  12881-3 0  9990
2 20262  82.5885  62.8407 1229903 152.0108 215.3103 12.50594383681628
DELTA 1 R/B
1 20323U 89089B   26241.05308377  .00000194  00000+0  56815-4 0  9994
2 20323  97.0655  60.9611 0067724 298.4181  61.0203 14.50767720920727
LUSAT (LO-19)
1 20442U 90005G   26241.01996321  .00000078  00000+0  44611-4 0  9996
2 20442  98.8837 264.8262 0011430 358.2562   1.8580 14.34140615912831
ARIANE 40 R/B
1 20443U 90005H   26241.14560829  .00000165  00000+0  65781-4 0  9999
2 20443  98.2897 296.4702 0010998  51.0217 309.1950 14.39957601917628
DELTA 2 R/B(1)
1 20453U 90008B   26240.97549825  .00212394  17003-4  80859-3 0  9993
2 20453  35.5937 103.5047 0035535  82.2253 278.2524 15.85471611953197
COSMOS 2058
1 20465U 90010A   26241.05595844  .00002929  00000+0  16706-3 0  9996
2 20465  82.4654 237.4692 0011210  99.6332 260.6165 15.12356279968288
SL-14 R/B
1 20466U 90010B   26241.14038826  .00000299  00000+0  33116-4 0  9992
2 20466  82.5004 105.4336 0021312  91.3401 269.0255 14.83685125954053
SL-14 R/B
1 20511U 90018B   26240.78410752  .00000312  00000+0  36110-4 0  9995
2 20511  82.5182  62.2348 0014781 243.5044 116.4655 14.82255014948073
HST
1 20580U 90037B   26240.55771250  .00005820  00000+0  17845-3 0  9992
2 20580  28.4732 305.6703 0001660 216.3861 143.6623 15.31487121799673
SL-16 R/B
1 20625U 90046B   26241.18416191  .00000276  00000+0  16698-3 0  9997
2 20625  70.9994 295.6385 0012886  34.9291 325.2675 14.15032283872798
COSMOS 2084
1 20663U 90055A   26240.62375711  .00001747  00000+0  13166-3 0  9990
2 20663  62.7883 108.8043 0014336 343.3934  16.6695 15.06369397962215
SL-6 R/B(2)
1 20666U 90055D   26240.84712652  .00001376  00000+0  11048-3 0  9991
2 20666  62.7822  28.0717 0051947  14.6884 345.5710 15.04236943964080
SL-8 R/B
1 20775U 90078B   26241.08535475  .00016618  00000+0  45831-3 0  9992
2 20775  82.8982  95.6353 0342495 150.9165 211.1629 14.94451165835003
SL-8 R/B
1 21088U 91006B   26240.86447198  .00000137  00000+0  12277-3 0  9998
2 21088  82.9408  41.9461 0021072 272.9157 248.2056 13.77519148787771
OKEAN-3
1 21397U 91039A   26241.18512810  .00002085  00000+0  14226-3 0  9997
2 21397  82.5188 169.5851 0016243 100.9742 259.3314 15.05609072890986
COSMOS 2151
1 21422U 91042A   26240.87960745  .00000875  00000+0  67030-4 0  9996
2 21422  82.4940 277.5256 0011955 189.4136 170.6866 15.00606688889017
SL-14 R/B
1 21423U 91042B   26240.87370242  .00000289  00000+0  33422-4 0  9991
2 21423  82.4900  58.7150 0017941  39.3832 320.8682 14.81938505878571
ERS-1
1 21574U 91050A   26240.52127495  .00000253  00000+0  95233-4 0  9998
2 21574  98.7790 262.9836 0032839  53.7309 306.6904 14.39556158840455
ARIANE 40 R/B
1 21610U 91050F   26241.13520337  .00000224  00000+0  79341-4 0  9999
2 21610  98.1818 286.6903 0001769 269.0273  91.0715 14.42993525843869
INTERCOSMOS 25
1 21819U 91086A   26240.99535066  .00000677  00000+0  12482-3 0  9991
2 21819  82.6038 205.7609 1485674 105.3288 271.6420 12.12298460517562
SL-8 R/B
1 21876U 92008B   26241.21590725  .00000083  00000+0  69924-4 0  9993
2 21876  82.9290 139.5011 0035222  14.9740  96.8703 13.75989819733146
SL-8 R/B
1 21938U 92020B   26240.88645370  .00000113  00000+0  10133-3 0  9996
2 21938  82.9313  25.8408 0029226 174.5013 348.2661 13.75557545724808
USA 81
1 21949U 92023A   26240.85506976  .00000133  00000+0  41882-4 0  9994
2 21949  85.0074  32.0465 0001756 115.3028 244.8347 14.32414154119439
COSMOS 2219
1 22219U 92076A   26240.76701189  .00000156  00000+0  10655-3 0  9994
2 22219  71.0627  18.3396 0020036 294.8510  65.0529 14.14113509742707
SL-16 R/B
1 22220U 92076B   26240.81016189  .00000168  00000+0  10753-3 0  9993
2 22220  71.0001 185.7960 0013465 202.1032 182.4780 14.16880889746217
COSMOS 2221
1 22236U 92080A   26240.61392206  .00001245  00000+0  10662-3 0  9996
2 22236  82.5028 114.3717 0013749 340.9012  19.1693 14.96710526806508
SL-16 R/B
1 22285U 92093B   26240.74911409  .00000090  00000+0  70543-4 0  9992
2 22285  71.0235   3.0578 0003154  16.6220 343.5006 14.15467486737501
COSMOS 2228
1 22286U 92094A   26240.84503759  .00001391  00000+0  11578-3 0  9997
2 22286  82.5145  72.4256 0019243  82.4910 277.8498 14.97784765801828
SCD 1
1 22490U 93009B   26240.96222271  .00000380  00000+0  52753-4 0  9999
2 22490  24.9691 118.2229 0041914 188.0259 193.0440 14.46144501771665
SL-16 R/B
1 22566U 93016B   26240.87823316  .00000092  00000+0  71810-4 0  9993
2 22566  71.0064 213.5290 0008392  53.0045 307.1845 14.15320186726534
COSMOS 2242
1 22626U 93024A   26241.10528860  .00001368  00000+0  11602-3 0  9991
2 22626  82.5165 101.7720 0017711  85.0989 275.2255 14.97092656806181
SL-16 R/B
1 22803U 93059B   26241.04628624  .00000079  00000+0  62854-4 0  9992
2 22803  70.9923   7.6507 0018952 303.5813  56.3501 14.17254209703959
EYESAT A (AO-27)
1 22825U 93061C   26241.13976300  .00000079  00000+0  46957-4 0  9992
2 22825  98.6820 308.5049 0007360 242.6153 117.4281 14.30958142717435
ITAMSAT (IO-26)
1 22826U 93061D   26241.16729358  .00000076  00000+0  45510-4 0  9996
2 22826  98.6769 308.4574 0008076 223.8126 136.2417 14.31386668717750
ARIANE 40 R/B
1 22830U 93061H   26241.17526683  .00000145  00000+0  68555-4 0  9999
2 22830  98.4759 306.4950 0011694 129.9231 230.2982 14.32932659718808
COSMOS 2278
1 23087U 94023A   26241.16195154 -.00000140  00000+0 -48343-4 0  9997
2 23087  71.0531 174.2428 0007127 135.6523 224.5171 14.14399804669195
SL-16 R/B
1 23088U 94023B   26240.98976012  .00000292  00000+0  17517-3 0  9991
2 23088  70.9984  69.0373 0002684 357.4057   2.7051 14.15031003670465
SL-16 R/B
1 23343U 94074B   26240.52978352  .00000348  00000+0  53102-4 0  9993
2 23343  97.6975 264.2294 0007286  32.8487 123.6418 14.79554893712655
SL-16 R/B
1 23405U 94077B   26240.76290025  .00000186  00000+0  11951-3 0  9990
2 23405  70.9856 350.4711 0004821 266.7951  93.2620 14.15582239640588
RADIO ROSTO (RS15)
1 23439U 94085A   26241.10707847 -.00000057  00000+0 -40364-3 0  9999
2 23439  64.8157 185.2814 0158608 350.6692   9.1295 11.27584027304125
ARIANE 40+ R/B
1 23561U 95021B   26241.15832169  .00000197  00000+0  76526-4 0  9990
2 23561  98.4355 310.1594 0006415 355.8079  57.8879 14.39866408644062
SL-16 R/B
1 23705U 95058B   26241.13147568  .00000001  00000+0  24947-4 0  9994
2 23705  71.0221 178.2081 0014039 224.4766 135.5230 14.15518013592258
POLAR
1 23802U 96013A   26239.66966289  .00000229  00000+0  00000+0 0  9999
2 23802  79.9583 226.1948 6543353 206.6287  94.8024  1.29845830145782
JAS-2 (FO-29)
1 24278U 96046B   26240.09953045  .00000004  00000+0  42831-4 0  9992
2 24278  98.5185  79.1140 0348799 269.8259  86.2918 13.53277379482896
SL-16 R/B
1 24298U 96051B   26241.18734690  .00000146  00000+0  10579-3 0  9994
2 24298  70.7683 170.1688 0019325 242.2352 117.6808 14.12473448546003
ORBVIEW 2 (SEASTAR)
1 24883U 97037A   26240.08812620  .00000182  00000+0  79293-4 0  9996
2 24883  98.8762  49.1318 0001111 281.0208  79.0852 14.35584287533063
TECHSAT 1B (GO-32)
1 25397U 98043D   26240.90605176  .00000039  00000+0  36981-4 0  9990
2 25397  99.0131 235.5195 0001827  43.3839 316.7482 14.24440315461683
SL-16 R/B
1 25400U 98043G   26240.84044377  .00000025  00000+0  29441-4 0  9996
2 25400  98.8431 195.6467 0008904 231.8811 128.1567 14.26078674463524
SL-16 R/B
1 25407U 98045B   26240.77525930 -.00000072  00000+0 -12356-4 0  9997
2 25407  71.0116 179.6736 0005605 135.1881 224.9696 14.16212533451464
SCD 2
1 25504U 98060A   26240.52392105  .00000345  00000+0  45408-4 0  9996
2 25504  24.9964 346.0528 0016758 166.7750 286.7950 14.45547293470809
ISS (ZARYA)
1 25544U 98067A   26240.88552474  .00011482  00000+0  21677-3 0  9998
2 25544  51.6317 300.2698 0005025  85.3239 274.8323 15.48926310583021
SWAS
1 25560U 98071A   26240.89347268  .00002977  00000+0  18925-3 0  9996
2 25560  69.8952  39.9660 0004570 171.7303 188.3938 15.09995182508248
CZ-4B R/B
1 25732U 99025C   26240.89418704  .00000047  00000+0  43355-4 0  9993
2 25732  98.6435 280.8851 0036601 207.8406 324.9548 14.18293361412573
DLR-TUBSAT
1 25757U 99029B   26240.97236293  .00000072  00000+0  29536-4 0  9997
2 25757  98.6753 238.8915 0015116 126.1884 234.0711 14.52441982443814
OKEAN-O
1 25860U 99039A   26240.66422511  .00000489  00000+0  70565-4 0  9999
2 25860  97.9253 298.6074 0001829 104.9345 255.2070 14.80538192459831
SL-16 R/B
1 25861U 99039B   26240.61890542  .00000426  00000+0  60548-4 0  9999
2 25861  97.9773 299.2516 0015967  62.1652 298.1176 14.81907154462321
CXO
1 25867U 99040B   26243.42351855  .00001012  00000+0  00000+0 0  9992
2 25867  57.2067 114.6885 7725387 309.5180   0.6064  0.37807690 17605
DELTA 2 R/B
1 25876U 99041E   26240.65063343  .00001252  00000+0  23969-3 0  9996
2 25876  51.7630 334.2260 0501078 135.9871 228.2112 14.12222011387324
HELIOS 1B
1 25977U 99064A   26240.59733800  .00001113  00000+0  12716-3 0  9992
2 25977  98.1529 147.8097 0001029 132.6813 227.4490 14.88167175710822
XMM-NEWTON
1 25989U 99066A   26241.15261303  .00000181  00000+0  00000+0 0  9997
2 25989  64.1037 282.0428 4655771  63.5985   0.0586  0.50122149 23371
TERRA
1 25994U 99068A   26240.90404245  .00000299  00000+0  69714-4 0  9993
2 25994  97.9397 287.5458 0002627  33.3159 146.2268 14.61151121420227
SL-16 R/B
1 26070U 00006B   26240.34059917  .00000098  00000+0  73868-4 0  9995
2 26070  71.0014  96.9117 0018771 279.2372  80.6628 14.15846888372857
CLUSTER II-FM7 (SAMBA)
1 26410U 00041A   26228.35648488  .00204628 -13535-2  00000+0 0  9995
2 26410 149.5559  61.8704 9119992 279.7536 359.6603  0.44877167 20578
CLUSTER II-FM8 (TANGO)
1 26464U 00045B   26238.19592919  .00357125 -22476-2  00000+0 0  9993
2 26464 149.5891  64.7882 9133341 282.6559   2.0484  0.44543471 20627
TITAN 4B R/B
1 26474U 00047B   26240.83878741  .00002172  00000+0  13692-3 0  9999
2 26474  67.9862 276.0183 0043483 213.5203 146.3195 15.10540198418903
PCSAT (NO-44)
1 26931U 01043C   26240.86776830  .00000078  00000+0  60181-4 0  9992
2 26931  67.0500  56.2820 0005656 270.9596  89.0858 14.31978900300850
PROBA-1
1 26958U 01049B   26240.94457345  .00000763  00000+0  53009-4 0  9995
2 26958  97.9619 252.0402 0053067 235.7893 123.8299 15.07758523354588
TIMED
1 26998U 01055B   26240.52987007  .00000907  00000+0  85606-4 0  9991
2 26998  74.0659  89.3436 0002264 252.5107 107.5830 14.95426658341637
MAROC-TUBSAT
1 27004U 01056D   26240.78987525 -.00000034  00000+0  14460-4 0  9996
2 27004  99.8129  59.0379 0019301 318.9261  54.6954 13.70265066236134
ENVISAT
1 27386U 02009A   26240.82918315  .00000064  00000+0  34716-4 0  9992
2 27386  98.3890 190.5464 0001159  87.6271 288.2780 14.39079093283936
IDEFIX & ARIANE 42P R/B
1 27422U 02021B   26240.77277324  .00000177  00000+0  83647-4 0  9991
2 27422  98.5957 177.4747 0012757  44.8430 315.3782 14.31110254268630
AQUA
1 27424U 02022A   26240.92681534  .00000631  00000+0  13521-3 0  9991
2 27424  98.4357 211.6913 0001799  80.6159 300.3249 14.62182376293909
CZ-4B R/B
1 27432U 02024C   26240.90463973  .00000024  00000+0  35246-4 0  9990
2 27432  98.8638 293.2312 0049102 253.3282 280.5722 14.14573354253581
MIDORI II (ADEOS-II)
1 27597U 02056A   26240.86885356  .00000194  00000+0  94072-4 0  9995
2 27597  98.7951 200.7713 0000866 141.3301 218.7943 14.29381846234890
H-2A R/B
1 27601U 02056E   26240.85759343  .00000240  00000+0  98588-4 0  9994
2 27601  98.3379 194.9045 0070471   9.7934  10.8488 14.33854565238781
SAUDISAT 1C (SO-50)
1 27607U 02058C   26240.50684806  .00000812  00000+0  11310-3 0  9997
2 27607  64.5507 265.2064 0072907 249.2044 110.1241 14.83182058275189
CORIOLIS
1 27640U 03001A   26240.49380546  .00000099  00000+0  67099-4 0  9998
2 27640  98.7162 246.2848 0014186   9.6868 350.4579 14.19962375224485
SORCE
1 27651U 03004A   26240.92090783  .00002753  00000+0  20568-3 0  9990
2 27651  39.9896 206.5921 0018248 217.5283 142.4238 15.04038363282855
MOST
1 27843U 03031D   26240.29724244  .00000045  00000+0  40837-4 0  9993
2 27843  98.7077 247.0255 0010717  48.8250 311.3850 14.21334968200950
CUTE-1 (CO-55)
1 27844U 03031E   26240.46180773  .00000240  00000+0  12254-3 0  9994
2 27844  98.6767 248.1213 0009161 343.0943  16.9929 14.24373405201961
CUBESAT XI-IV (CO-57)
1 27848U 03031J   26240.48667683  .00000192  00000+0  10327-3 0  9995
2 27848  98.6795 247.7999 0009491   2.1243 357.9974 14.23653284201664
SCISAT 1
1 27858U 03036A   26240.68306533  .00000579  00000+0  78434-4 0  9990
2 27858  73.9307  27.2901 0006126  70.7934 289.3905 14.81522018242182
MOZHAETS 4 (RS22)
1 27939U 03042A   26240.95709412  .00000475  00000+0  81178-4 0  9994
2 27939  98.3481  67.3882 0012185  42.7014 117.4475 14.73577179226262
DMSP 5D-3 F16 (USA 172)
1 28054U 03048A   26240.89371736  .00000042  00000+0  45457-4 0  9996
2 28054  98.9878 265.1971 0006106 307.0328 175.5794 14.14488294179760
CZ-4B R/B
1 28059U 03049C   26240.01988844  .00000342  00000+0  89725-4 0  9999
2 28059  98.6945 241.7418 0049219  69.3804 291.2661 14.55140765211514
SHIYAN-1 (SY-1)
1 28220U 04012A   26240.69033202  .00012900  00000+0  37633-3 0  9996
2 28220  97.8655 323.5486 0006614 118.1960 241.9951 15.35476942222216
CZ-2C R/B
1 28222U 04012C   26240.72242778  .00356647  58717-4  57777-3 0  9995
2 28222  97.7080 325.9295 0004558 295.4797  64.6011 16.03426582231415
SL-16 R/B
1 28353U 04021B   26240.28733103  .00000091  00000+0  72356-4 0  9995
2 28353  70.9990 232.3736 0003819 164.7858 195.3380 14.14622156147107
AURA
1 28376U 04026A   26240.83723433  .00000635  00000+0  13815-3 0  9999
2 28376  98.3482 197.9190 0001682  77.6488 282.4900 14.61421284176827
CZ-4B R/B
1 28415U 04035C   26240.54627137  .00006818  00000+0  22289-3 0  9999
2 28415  97.3326 272.8343 0032026  78.2706 282.2126 15.31540570206196
CZ-2C R/B
1 28480U 04046B   26240.69137361  .00000149  00000+0  70368-4 0  9997
2 28480  98.1856 144.9091 0139604   6.6910 353.6093 14.27046797133030
SWIFT
1 28485U 04047A   26240.83922686  .00142811  00000+0  83300-3 0  9993
2 28485  20.5520 341.3132 0000243 154.3929 205.6531 15.76607442198318
ARIANE 5 R/B
1 28499U 04049H   26240.87762782  .00000842  00000+0  98454-4 0  9997
2 28499  98.2781  55.9730 0084332 152.2480 208.3272 14.85536199171352
IRS-P5 (CARTOSAT-1)
1 28649U 05017A   26240.01462250  .00001299  00000+0  13602-3 0  9991
2 28649  97.5303 259.8238 0001900 123.5934 236.5467 14.91207590154520
CZ-2D R/B
1 28738U 05024B   26240.32161280  .00088116  00000+0  50455-3 0  9991
2 28738  97.3437 263.8047 0005553 106.4884 253.6993 15.78561170166687
SINAH 1
1 28893U 05043D   26240.90273552  .00000252  00000+0  57217-4 0  9993
2 28893  98.2960  15.6922 0015408  52.1065 308.1527 14.64200783111169
CUBESAT XI-V
1 28895U 05043F   26240.69320338  .00001108  00000+0  18143-3 0  9991
2 28895  98.3078  37.8839 0013480 340.6402  19.4291 14.72794165112424
METEOSAT-9 (MSG-2)
1 28912U 05049B   26240.68435178  .00000128  00000+0  00000+0 0  9995
2 28912   9.5207  53.4274 0001832 356.1258 219.5088  1.00267359  7728
ALOS (DAICHI)
1 28931U 06002A   26240.30496698  .00001050  00000+0  18268-3 0  9993
2 28931  98.1386 195.6755 0002145  93.0334 267.1117 14.70182680 98696
H-2A R/B
1 28932U 06002B   26240.33985699  .00005426  00000+0  25496-3 0  9993
2 28932  98.2640  42.7856 0049951  17.9081 342.3897 15.18985452120479
RESURS-DK 1
1 29228U 06021A   26240.74287017  .00001813  00000+0  10718-3 0  9994
2 29228  69.9314 151.7003 0005624 228.0214 132.0474 15.13461094113550
ARIRANG-2 (KOMPSAT-2)
1 29268U 06031A   26240.99945711  .00000534  00000+0  10868-3 0  9993
2 29268  97.8328  61.9384 0013785 197.3551 323.8770 14.64697966 72133
HINODE (SOLAR-B)
1 29479U 06041A   26240.60750219  .00000586  00000+0  10887-3 0  9991
2 29479  98.0555 255.6966 0018716  60.7474 299.5599 14.68705091 65500
SHIJIAN-6 02A (SJ-6 02A)
1 29505U 06046A   26240.96358095  .00004018  00000+0  20308-3 0  9994
2 29505  97.6314 282.5930 0001448 219.1410 140.9719 15.17654753 83306
SHIJIAN-6 02B (SJ-6 02B)
1 29506U 06046B   26240.98848546 -.00000083  00000+0 -16850-5 0  9991
2 29506  97.7046 269.5703 0015598 175.6244 184.5120 15.01471770 81661
CZ-4B R/B
1 29507U 06046C   26240.56314166  .00003506  00000+0  17205-3 0  9996
2 29507  97.5396 284.9471 0033097  33.6279 326.7046 15.18290726 86116
DMSP 5D-3 F17 (USA 191)
1 29522U 06050A   26240.86069891  .00000069  00000+0  57939-4 0  9993
2 29522  98.7417 245.9552 0009504 202.5269 157.5489 14.15003164 22709
LAPAN-TUBSAT
1 29709U 07001A   26240.97770491  .00000886  00000+0  10789-3 0  9992
2 29709  98.1388 241.8625 0011102 314.7216  45.3093 14.86016691 61961
HAIYANG-1B
1 31113U 07010A   26240.93122735  .00000070  00000+0  42531-4 0  9998
2 31113  98.3574 219.9811 0013370 351.5474   8.5483 14.31042490 11043
CZ-2C R/B
1 31114U 07010B   26240.76284896  .00000094  00000+0  62063-4 0  9995
2 31114  98.4138 345.5787 0059569 153.0114 207.4182 14.20291195  4139
COSMO-SKYMED 1
1 31598U 07023A   26240.98006142  .00001357  00000+0  12198-3 0  9991
2 31598  97.8845  73.4650 0001428  75.9345 284.2036 14.97389953 40683
TERRASAR-X
1 31698U 07026A   26240.91033124  .00000227  00000+0  13991-4 0  9996
2 31698  97.4467 247.5854 0001702  88.2330 271.9099 15.19149722 64261
COSMOS 2428
1 31792U 07029A   26240.28394993  .00000239  00000+0  15383-3 0  9997
2 31792  70.9416 203.1110 0009252 357.1315   2.9752 14.12970116988330
SL-16 R/B
1 31793U 07029B   26240.78201368  .00000296  00000+0  17826-3 0  9993
2 31793  70.9757 170.6243 0001675 268.6886 118.5982 14.14858291989717
WORLDVIEW-1 (WV-1)
1 32060U 07041A   26240.89059448  .00005499  00000+0  22688-3 0  9999
2 32060  97.3855 359.5954 0001960 104.8609 255.2846 15.24454342 53952
YAOGAN-3
1 32289U 07055A   26240.94680177  .00000861  00000+0  92725-4 0  9990
2 32289  97.8127 270.1053 0001532  97.3998 262.7394 14.91011906 16714
COSMO-SKYMED 2
1 32376U 07059A   26240.93741795  .00000325  00000+0  47348-4 0  9990
2 32376  97.8911  63.4942 0001425  87.7512 272.3864 14.82152798 12785
RADARSAT-2
1 32382U 07061A   26240.94747078 -.00000235  00000+0 -74081-4 0  9997
2 32382  98.5809 246.8492 0001305  86.0819 274.0513 14.29979012976351
CARTOSAT-2A
1 32783U 08021A   26241.16714230  .00000715  00000+0  10274-3 0  9992
2 32783  97.7580 287.3645 0010500 229.6265 130.4031 14.79314488989595
CUTE-1.7+APD II (CO-65)
1 32785U 08021C   26241.21994200  .00004964  00000+0  30896-3 0  9999
2 32785  97.8350 224.2190 0009999 132.0331 228.1751 15.10042807996219
CANX-2
1 32790U 08021H   26239.92057889  .00003070  00000+0  21462-3 0  9999
2 32790  97.8703 221.1435 0010798 153.1404 207.0383 15.06047690995608
SEEDS II (CO-66)
1 32791U 08021J   26239.95943834  .00019894  00000+0  58733-3 0  9999
2 32791  97.7550 241.4251 0004589  76.0719 284.1034 15.35004299998299
YUBILEINY (RS30)
1 32953U 08025A   26241.17259037  .00000098  00000+0  63278-3 0  9991
2 32953  82.5063 310.0497 0020332 149.8711 210.3543 12.43182527828767
FENGYUN 3A
1 32958U 08026A   26240.57451023  .00000054  00000+0  46286-4 0  9992
2 32958  98.6909 180.0617 0007596 282.0241  78.0084 14.19583939945679
FGRST (GLAST)
1 33053U 08029A   26241.16349334  .00003338  00000+0  11928-3 0  9991
2 33053  25.5827  57.6398 0008499 106.6094 253.5378 15.24272628  6838
HUANJING 1A (HJ-1A)
1 33320U 08041A   26241.18637537  .00001364  00000+0  16913-3 0  9995
2 33320  97.6751 224.2351 0017238 258.4658 101.4622 14.84136280969238
HUANJING 1B (HJ-1B)
1 33321U 08041B   26241.18917799  .00001129  00000+0  14234-3 0  9990
2 33321  97.6584 227.1853 0034985 305.7053  54.0908 14.83439712969230
GEOEYE 1
1 33331U 08042A   26241.18136564  .00000339  00000+0  72583-4 0  9999
2 33331  98.1286 314.2389 0004623 171.3883 188.7400 14.64680392960832
THEOS
1 33396U 08049A   26241.17222508 -.00000289  00000+0 -11589-3 0  9994
2 33396  98.5516 296.0631 0001345  93.9361 266.1970 14.20140238928321
COSMO-SKYMED 3
1 33412U 08054A   26241.17388609  .00003201  00000+0  21559-3 0  9997
2 33412  97.8174 100.9421 0016225  23.7241 336.4731 15.07345599967932
YAOGAN-4
1 33446U 08061A   26240.28190726  .00000750  00000+0  98091-4 0  9996
2 33446  97.9311 173.2670 0013811 189.9839 170.1102 14.83317577956355
GOSAT (IBUKI)
1 33492U 09002A   26241.16149515  .00000544  00000+0  10448-3 0  9991
2 33492  98.0942 351.3473 0001467 105.7628 254.3738 14.67540467942166
KKS-1 (KISEKI)
1 33499U 09002H   26241.04865773  .00001179  00000+0  15090-3 0  9999
2 33499  98.1157 164.6414 0009149  59.0663 301.1448 14.83280971946990
KORONAS-FOTON
1 33504U 09003A   26241.06577971  .00008436  00000+0  16512-3 0  9992
2 33504  82.4263  96.1469 0008215 249.7327 110.3040 15.47186438972360
EWS-G3 (GOES 14)
1 35491U 09033A   26241.05600367 -.00000230  00000+0  00000+0 0  9993
2 35491   1.8704  82.0619 0002224  78.1618 292.3575  1.00075889  7324
DEIMOS-1
1 35681U 09041A   26241.16656221  .00000128  00000+0  25991-4 0  9991
2 35681  97.7495  35.2725 0001212  32.3263 327.8021 14.75299868917644
DUBAISAT-1
1 35682U 09041B   26240.80222816  .00000786  00000+0  12371-3 0  9998
2 35682  98.0149  13.3078 0010075 190.4365 169.6637 14.75227928915808
APRIZESAT 4
1 35684U 09041D   26241.14879105  .00000657  00000+0  84557-4 0  9990
2 35684  98.1364 317.9069 0044570  85.1813 275.4487 14.83971715922185
APRIZESAT 3
1 35686U 09041F   26240.31997006  .00002248  00000+0  19687-3 0  9990
2 35686  98.2161  37.0509 0061307 187.5130 172.5178 14.96407570927162
OCEANSAT-2
1 35931U 09051A   26241.18658891 -.00000201  00000+0 -11188-3 0  9993
2 35931  98.2402 220.7686 0016842  31.1328 329.0833 13.99671780889541
SWISSCUBE
1 35932U 09051B   26240.68804775  .00000856  00000+0  17817-3 0  9991
2 35932  98.3957 149.8171 0006836 359.0098   1.1088 14.62599335899756
BEESAT-1
1 35933U 09051C   26241.00949541  .00000688  00000+0  14756-3 0  9992
2 35933  98.3883 149.6253 0005644  15.0422 345.0945 14.61819545899827
ITUPSAT1
1 35935U 09051E   26240.99584013  .00000642  00000+0  14219-3 0  9994
2 35935  98.3965 148.7244 0008037  22.2122 337.9424 14.60532209899365
WORLDVIEW-2 (WV-2)
1 35946U 09055A   26241.15908664  .00000081  00000+0  41186-4 0  9992
2 35946  98.4744 313.6096 0004561  20.7577 339.3795 14.37916705886135
DMSP 5D-3 F18 (USA 210)
1 35951U 09057A   26241.18971299  .00000233  00000+0  14361-3 0  9990
2 35951  98.9117 221.8266 0012023  47.6611 312.5578 14.14934262869910
SMOS
1 36036U 09059A   26241.09137650  .00000231  00000+0  87708-4 0  9996
2 36036  98.4439  67.3645 0001430  88.1322 272.0030 14.39757498883943
PROBA-2
1 36037U 09059B   26240.31664723  .00000126  00000+0  39919-4 0  9991
2 36037  98.2479  62.6846 0014381  60.8495 299.4140 14.54888515892019
POISK
1 36086U 09060A   26241.14359911  .00006447  00000+0  12539-3 0  9999
2 36086  51.6318 298.9928 0004983  87.4693 272.6866 15.48924180583743
YAOGAN-7
1 36110U 09069A   26241.13509472  .00000334  00000+0  53273-4 0  9994
2 36110  97.9951 126.5120 0024902 160.8115 199.4039 14.78067259900406
XIWANG-1 (HOPE-1)
1 36122U 09072B   26241.12698584  .00000063  00000+0  28008-3 0  9999
2 36122 100.4085 193.8111 0008207  68.5669 291.6319 13.16442003802606
SDO
1 36395U 10005A   26241.08905271 -.00000059  00000+0  00000+0 0  9992
2 36395  34.7987  85.2333 0001640  75.3928 107.0258  1.00275737 60792
EWS-G2 (GOES 15)
1 36411U 10008A   26241.12189270  .00000023  00000+0  00000+0 0  9992
2 36411   1.4723  81.9753 0005389  73.8988 288.7186  1.00270571 60374
CRYOSAT 2
1 36508U 10013A   26241.13688057  .00000179  00000+0  43777-4 0  9998
2 36508  92.0307 295.0252 0002656  86.6436 273.5075 14.51901424868666
TANDEM-X
1 36605U 10030A   26240.84446286  .00000234  00000+0  14314-4 0  9995
2 36605  97.4465 247.5230 0001837  92.9392 267.2053 15.19149739897674
COMS 1
1 36744U 10032A   26240.92559758 -.00000294  00000+0  00000+0 0  9998
2 36744   4.9853  74.4462 0010793  19.4458   0.5771  0.99169753 51817
CARTOSAT-2B
1 36795U 10035A   26241.15303282 -.00000052  00000+0  10989-6 0  9998
2 36795  97.9899 291.2119 0010311 321.3580  38.6892 14.78654077870635
TISAT 1
1 36799U 10035E   26241.09116179  .00023573  00000+0  71053-3 0  9990
2 36799  98.0748 194.2773 0002787  42.8770 317.2687 15.34323073878870
YAOGAN-10
1 36834U 10038A   26241.23684343  .00001451  00000+0  17422-3 0  9993
2 36834  97.8962 264.0611 0001502  91.1184 336.3460 14.85540364868051
FENGYUN 3B
1 37214U 10059A   26241.21802288 -.00000095  00000+0 -25962-4 0  9991
2 37214  98.9569 287.5209 0021749 342.6331  97.1932 14.14853467817755
COSMO-SKYMED 4
1 37216U 10060A   26241.15261376  .00000524  00000+0  72426-4 0  9997
2 37216  97.8907  63.7079 0001474  84.1216 276.0165 14.82155235855372
O/OREOS (USA 219)
1 37224U 10062C   26241.18656870  .00001538  00000+0  14986-3 0  9990
2 37224  71.9684 274.9480 0016561 284.5752  75.3581 14.93988739127540
RESOURCESAT-2
1 37387U 11015A   26241.14636285  .00000053  00000+0  44129-4 0  9997
2 37387  98.7586 308.0618 0012070  51.5737 308.6522 14.21607269796542
X-SAT
1 37389U 11015C   26241.23872256  .00000055  00000+0  40751-4 0  9998
2 37389  98.3590 214.8096 0014958 125.1275 235.1310 14.25224547798089
CZ-2C R/B
1 37731U 11030B   26240.84153765  .00000769  00000+0  10237-3 0  9996
2 37731  97.8720 194.9472 0052869 148.5134 241.1573 14.81596385815588
HAIYANG-2A
1 37781U 11043A   26241.19763387  .00000020  00000+0  70019-4 0  9996
2 37781  99.3431 242.1097 0003066 152.9450 207.1858 13.71748486756674
RASAT
1 37791U 11044D   26241.23449712  .00000358  00000+0  70503-4 0  9998
2 37791  98.0575 331.5140 0019694 324.3231  89.5211 14.68225030803904
APRIZESAT 5
1 37792U 11044E   26241.10350027  .00000722  00000+0  98003-4 0  9995
2 37792  98.2459 176.2187 0053169 126.9116 233.6984 14.81184680809585
APRIZESAT 6
1 37793U 11044F   26240.52212777  .00000507  00000+0  78906-4 0  9991
2 37793  98.2293 152.4791 0042175 212.9806 321.6458 14.77005895807820
JUGNU
1 37839U 11058B   26240.28079050  .00000392  00000+0  65029-4 0  9999
2 37839  19.9596 230.4255 0018700 152.2077 237.6700 14.13793588769244
SRMSAT
1 37841U 11058D   26240.97887624  .00000365  00000+0  54051-4 0  9995
2 37841  19.9732 338.8713 0011610 285.6379 231.2839 14.11589046768118
SUOMI NPP
1 37849U 11061A   26241.15232360  .00000057  00000+0  48239-4 0  9998
2 37849  98.7980 181.5386 0002757 103.6414 256.5069 14.19530262768799
PLEIADES 1A
1 38012U 11076F   26241.19094015  .00000019  00000+0  13933-4 0  9995
2 38012  98.1939 315.2946 0001040  92.8493 351.9332 14.58565890782638
ZIYUAN 1-02C (ZY 1-02C)
1 38038U 11079A   26241.19922317  .00000095  00000+0  45362-4 0  9996
2 38038  98.4022 306.9622 0007739  89.9220   2.9925 14.38263305769704
GCOM-W1 (SHIZUKU)
1 38337U 12025A   26241.08770425  .00000371  00000+0  92339-4 0  9992
2 38337  98.2046 180.5453 0001391  89.5224 282.2574 14.57122622759659
ARIRANG-3 (KOMPSAT-3)
1 38338U 12025B   26241.18354175  .00000343  00000+0  77334-4 0  9991
2 38338  98.1239 197.4100 0004078 239.6652 120.4147 14.62260818762016
H-2A R/B
1 38341U 12025E   26240.93528315  .00001672  00000+0  15236-3 0  9994
2 38341  98.4905 222.1222 0044819 108.2416 252.3688 14.95984256773966
NUSTAR
1 38358U 12031A   26241.25002315  .00008437  00000+0  45931-3 0  9993
2 38358   6.0255 205.8210 0007098 123.1485 187.3185 15.09403875  1302
METEOSAT-10 (MSG-3)
1 38552U 12035B   26241.10941263 -.00000003  00000+0  00000+0 0  9997
2 38552   4.8384  60.6116 0001022  97.6227 218.6866  1.00268232 51580
EXACTVIEW-1 (ADS-1B)
1 38709U 12039C   26241.05391134  .00000082  00000+0  54921-4 0  9997
2 38709  98.9851   0.1157 0010183 326.4293  33.6239 14.25002312733082
SPOT 6
1 38755U 12047A   26241.19043396  .00000111  00000+0  33761-4 0  9998
2 38755  98.2070 307.6220 0001588  97.6228 262.5152 14.58557091743699
METOP-B
1 38771U 12049A   26241.11428157  .00000078  00000+0  55461-4 0  9995
2 38771  98.6444 291.1366 0003286 122.3067 237.8429 14.21455931723621
PLEIADES 1B
1 39019U 12068A   26241.20913720  .00000106  00000+0  32604-4 0  9993
2 39019  98.1909 315.2352 0001118  98.0115 262.1212 14.58559121731497
GOKTURK 2
1 39030U 12073A   26241.18168998  .00000563  00000+0  89502-4 0  9994
2 39030  97.6794  74.9521 0002192  90.2629 269.8832 14.75602089735273
LANDSAT 8
1 39084U 13008A   26241.15820573  .00000253  00000+0  66273-4 0  9999
2 39084  98.2245 310.4048 0001259  94.6083 265.5259 14.57107409708527
SARAL
1 39086U 13009A   26241.15190476  .00000048  00000+0  33657-4 0  9996
2 39086  98.5567  66.8044 0003008  79.5936 280.5587 14.32904231706058
NEOSSAT
1 39089U 13009D   26241.10103352  .00000092  00000+0  46470-4 0  9997
2 39089  98.4219  59.4194 0011667  34.5225 325.6716 14.35848179707204
STRAND-1
1 39090U 13009E   26241.01864000  .00000213  00000+0  85864-4 0  9998
2 39090  98.3963  59.4806 0009023  21.1922 338.9637 14.37199607707521
BRITE-AUSTRIA
1 39091U 13009F   26240.92400095  .00000132  00000+0  59399-4 0  9992
2 39091  98.4039  58.5800 0010732  29.2555 330.9231 14.36566731707494
GAOFEN-1
1 39150U 13018A   26241.18413949  .00000369  00000+0  60036-4 0  9991
2 39150  97.9052 311.7466 0017956  35.1827 325.0565 14.76524680719011
NEE-01 PEGASO
1 39151U 13018B   26240.33991491  .00002118  00000+0  20457-3 0  9997
2 39151  98.1319  26.9314 0011201 287.7220  72.2776 14.93954182721478
PROBA-V
1 39159U 13021A   26240.86346358  .00000048  00000+0  39240-4 0  9994
2 39159  98.3670 215.9097 0002969 286.5282  73.5571 14.23610326691455
VNREDSAT 1
1 39160U 13021B   26241.17897287  .00000220  00000+0  49848-4 0  9990
2 39160  97.9026 291.7651 0001491  79.2275 280.9096 14.64731918710974
IRIS
1 39197U 13033A   26241.09220824  .00000845  00000+0  10253-3 0  9991
2 39197  97.9296  80.1386 0025813  80.8385 279.5749 14.86011727711201
INSAT-3D
1 39216U 13038B   26241.17058630 -.00000337  00000+0  00000+0 0  9993
2 39216   2.1069  81.5587 0001247 115.0787 331.6789  1.00273846 47816
ARIRANG-5 (KOMPSAT-5)
1 39227U 13042A   26241.19253887  .00001363  00000+0  10166-3 0  9990
2 39227  97.6215  66.8732 0002294 231.9939 128.1080 15.04525178714831
HISAKI (SPRINT-A)
1 39253U 13049A   26241.18781094  .00000092  00000+0  34267-4 0  9998
2 39253  29.7191 208.8687 0136695 248.5979 109.9960 13.55549476641336
FENGYUN 3C
1 39260U 13052A   26241.19060361  .00000056  00000+0  49595-4 0  9998
2 39260  98.5066 211.7411 0014738 168.7333 191.4174 14.15768684668891
CASSIOPE
1 39265U 13055A   26241.12789102  .00066535  17195-6  68434-3 0  9996
2 39265  80.9166 337.7957 0274269 175.4427 184.9412 15.30050015678806
POPACS 2
1 39269U 13055E   26240.92241899  .00012342  00000+0  20498-3 0  9998
2 39269  80.9878  60.7897 0407303 320.0333  37.1536 14.93557419674065
POPACS 3
1 39270U 13055F   26240.99349361  .00005988  00000+0  14165-3 0  9992
2 39270  81.0033 150.1569 0546433 207.7501 149.3545 14.57201464649152
SHIJIAN-16 (SJ-16)
1 39358U 13057A   26241.22830829  .00000703  00000+0  70779-4 0  9996
2 39358  74.9701 218.3266 0014865  50.2436 310.0059 14.92743579697247
APRIZESAT 7
1 39416U 13066A   26240.80356358  .00001276  00000+0  13110-3 0  9995
2 39416  97.7768 193.0073 0035042 333.0160  26.9235 14.91714828692056
ZACUBE-1 (TSHEPISOSAT)
1 39417U 13066B   26241.11849429  .00005826  00000+0  44513-3 0  9993
2 39417  97.8063 203.8085 0041516   9.1202 351.0767 15.01659092691672
SKYSAT-A
1 39418U 13066C   26241.06553634  .00002866  00000+0  16349-3 0  9995
2 39418  97.3753 288.1326 0022747  64.4467 295.9113 15.13328056699507
DUBAISAT-2
1 39419U 13066D   26241.20933659  .00001518  00000+0  95501-4 0  9992
2 39419  97.4627 229.4896 0012283 134.6750 225.5483 15.10629355697418
STSAT-3
1 39422U 13066G   26241.21556238  .00002236  00000+0  17014-3 0  9991
2 39422  97.6261 209.9615 0010377 139.2348 220.9656 15.03091855695178
WNISAT-1
1 39423U 13066H   26240.67636593  .00000382  00000+0  78218-4 0  9998
2 39423  97.7305  24.7280 0162831   4.1140 356.1356 14.58179851677297
APRIZESAT 8
1 39425U 13066K   26240.84838107  .00001007  00000+0  11427-3 0  9997
2 39425  97.8268 187.3230 0047016  48.0748 312.4462 14.87764800690471
TRITON-1
1 39427U 13066M   26241.22312916  .00003098  00000+0  37108-3 0  9993
2 39427  97.8173 149.3480 0089665 357.2201   2.8502 14.81978152684905
GOMX-1
1 39430U 13066Q   26241.17707920  .00001227  00000+0  18990-3 0  9994
2 39430  97.6446  77.0390 0127427 202.3518 157.2107 14.69642599680638
CUBEBUG-2 (LO-74)
1 39440U 13066AA  26240.79889449  .00003013  00000+0  27787-3 0  9998
2 39440  97.8952 190.1268 0057924 145.2051 215.2978 14.94176704687833
NEE-02 KRYSAOR
1 39441U 13066AB  26240.55828703  .00001309  00000+0  14749-3 0  9999
2 39441  97.8915 179.2802 0065286 191.0431 168.9356 14.86865471686959
FUNCUBE-1 (AO-73)
1 39444U 13066AE  26240.88684652  .00008136  00000+0  49250-3 0  9991
2 39444  97.8343 213.9256 0034373 318.5398  41.3223 15.10395417690630
UWE-3
1 39446U 13066AG  26241.12823631  .00003537  00000+0  30154-3 0  9996
2 39446  97.8764 197.7392 0049905  76.3519 284.3252 14.97442412688494
SWARM B
1 39451U 13067A   26241.18492306  .00003190  00000+0  11224-3 0  9992
2 39451  87.7468 320.1543 0003287  99.4272 260.7349 15.28961599694392
SWARM A
1 39452U 13067B   26241.14081728  .00011917  00000+0  20856-3 0  9998
2 39452  87.3328  29.1270 0002317  88.6302 271.5225 15.50467479717554
SWARM C
1 39453U 13067C   26241.14072315  .00011899  00000+0  20823-3 0  9994
2 39453  87.3332  27.7092 0002310  89.6658 270.4868 15.50469293717517
GPM-CORE
1 39574U 14009C   26241.16312917  .00006644  00000+0  14667-3 0  9993
2 39574  64.9694  63.5851 0011663 254.2660 105.7194 15.44690820709088
SENTINEL-1A
1 39634U 14016A   26241.18365549  .00000040  00000+0  17918-4 0  9996
2 39634  98.1583 247.5810 0001452  86.6663 273.4704 14.59800085660666
SL-4 R/B
1 39679U 14021B   26241.20175145  .00018169  00000+0  35423-3 0  9996
2 39679  51.6039 212.7108 0088511  14.5863 345.7646 15.43377794682888
KAZEOSAT 1
1 39731U 14024A   26241.22390337 -.00000006  00000+0  11287-4 0  9997
2 39731  98.3164 311.8319 0001367  97.6335 262.5010 14.42050133649088
ALOS-2
1 39766U 14029A   26241.18265396  .00001063  00000+0  14922-3 0  9992
2 39766  97.9234 337.3018 0001626  95.4231 264.7166 14.79471874662379
KAZEOSAT 2
1 40010U 14033A   26241.17944961  .00000942  00000+0  11471-3 0  9993
2 40010  97.5373  76.9301 0010238  79.8543 280.3827 14.85545347659799
HODOYOSHI-4
1 40011U 14033B   26241.18758082  .00000943  00000+0  10714-3 0  9992
2 40011  97.5471  62.5064 0025012  64.9702 295.4109 14.88278999659669
UNISAT-6
1 40012U 14033C   26241.14248522  .00002688  00000+0  28969-3 0  9991
2 40012  97.7975  32.6267 0044606 186.1243 173.9435 14.88549301657018
DEIMOS-2
1 40013U 14033D   26241.19613440  .00001510  00000+0  14721-3 0  9996
2 40013  97.5711 113.0855 0002496  83.6842 276.4662 14.93892738648628
BUGSAT-1 (TITA)
1 40014U 14033E   26241.23786560  .00003483  00000+0  18261-3 0  9990
2 40014  98.0433 338.0944 0026100 292.3046  67.5418 15.16238015666904
HODOYOSHI-3
1 40015U 14033F   26241.00221943  .00001148  00000+0  13758-3 0  9997
2 40015  97.6504  41.1545 0034172 113.7810 246.6995 14.85527100658431
SAUDISAT 4
1 40016U 14033G   26241.15689078  .00000663  00000+0  93969-4 0  9995
2 40016  97.7689  24.8158 0044359 194.1225 165.8750 14.79620850656861
APRIZESAT 9
1 40018U 14033J   26241.16974664  .00000389  00000+0  64653-4 0  9999
2 40018  97.9159  12.6259 0065212 326.7390  32.9728 14.74292578654315
APRIZESAT 10
1 40019U 14033K   26240.30218881  .00000339  00000+0  60852-4 0  9999
2 40019  97.9737   5.6871 0079653  44.2941 316.4603 14.70954435652850
BRITE-CA1 (TORONTO)
1 40020U 14033L   26241.14339830  .00000629  00000+0  10170-3 0  9991
2 40020  97.9831   8.7652 0079369  44.1335 316.6169 14.72795949652953
DUCHIFAT-1
1 40021U 14033M   26241.17804388  .00477308  87871-4  16577-2 0  9994
2 40021  98.0300 311.7423 0005555 222.0673 138.0172 15.89375881667233
NANOSATC-BR1
1 40024U 14033Q   26240.09234826  .00014465  00000+0  44821-3 0  9990
2 40024  98.0680 278.9594 0001870 306.3272  53.7796 15.33561885664992
QB50P1
1 40025U 14033R   26241.01766147  .00007816  00000+0  37406-3 0  9993
2 40025  98.0967 257.3309 0007921 347.9076  12.1965 15.19254465664086
QB50P2
1 40032U 14033Y   26240.46012244  .00005601  00000+0  29539-3 0  9999
2 40032  98.0794 241.9047 0005643 295.8839  64.1810 15.16003597663616
PERSEUS-M2
1 40037U 14033AD  26241.18894725  .00000652  00000+0  64047-4 0  9991
2 40037  98.0018 193.2462 0013085  59.6232 300.6280 14.95691567661693
PERSEUS-M1
1 40039U 14033AF  26241.08881420  .00001198  00000+0  11260-3 0  9994
2 40039  97.9687 186.4419 0012951  58.7681 301.4806 14.95833735661531
POLYITAN-1
1 40042U 14033AJ  26240.37131822  .00016876  00000+0  48992-3 0  9994
2 40042  98.0906 273.5871 0004931 246.4306 113.6418 15.35579581664660
TIGRISAT
1 40043U 14033AK  26240.87440666  .00002028  00000+0  23706-3 0  9999
2 40043  97.7933  29.2738 0048704 194.5033 165.4787 14.85377163656415
AEROCUBE 6A
1 40045U 14033AM  26241.01229221  .00006815  00000+0  56143-3 0  9999
2 40045  97.7295  47.2486 0039872 129.4224 231.0539 14.98760948657522
AEROCUBE 6B
1 40046U 14033AN  26241.01027194  .00007013  00000+0  55508-3 0  9990
2 40046  97.7274  47.1671 0040787 114.3382 246.2108 15.00257257657674
SPOT 7
1 40053U 14034A   26241.18948859  .00000059  00000+0  21302-4 0  9996
2 40053  98.0575 301.7780 0001480  80.3875 279.7494 14.61010010647797
CANX-4
1 40055U 14034C   26241.17130256  .00000772  00000+0  10593-3 0  9992
2 40055  98.2999 119.1259 0013644 132.1375 228.0998 14.81373015655333
CANX-5
1 40056U 14034D   26241.16887976  .00000758  00000+0  10416-3 0  9998
2 40056  98.3001 119.1715 0013641 132.2899 227.9471 14.81390361646141
OCO 2
1 40059U 14035A   26241.08166446  .00000316  00000+0  80222-4 0  9998
2 40059  98.2045 181.2748 0001624  88.2379 271.9006 14.57088455646669
METEOR-M 2
1 40069U 14037A   26241.20999123  .00000140  00000+0  83445-4 0  9996
2 40069  98.5193 214.3900 0005648 172.4278 187.6986 14.21479529629690
SKYSAT-B
1 40072U 14037D   26240.87897062  .00001155  00000+0  13195-3 0  9992
2 40072  98.3911 204.0224 0006660  51.0911 309.0897 14.88183024656771
UKUBE-1
1 40074U 14037F   26240.99759013  .00007533  00000+0  41286-3 0  9998
2 40074  98.4259 251.9892 0000339  46.0282 314.0975 15.14538994659577
TECHDEMOSAT-1 (TDS-1)
1 40076U 14037H   26240.93565389  .00007651  00000+0  42277-3 0  9997
2 40076  98.3866 240.4344 0007000  36.6300 323.5406 15.14220417659230
WORLDVIEW-3 (WV-3)
1 40115U 14048A   26241.13770152  .00000681  00000+0  85889-4 0  9995
2 40115  97.8515 314.9474 0002870  83.9132 276.2409 14.85121396652736
GAOFEN-2
1 40118U 14049A   26241.21497211  .00000911  00000+0  12459-3 0  9998
2 40118  98.0058 305.3310 0007395   8.8566 351.2775 14.80982462650047
BRITE-PL2 (HEWELIUSZ)
1 40119U 14049B   26240.27102750  .00001900  00000+0  17983-3 0  9991
2 40119  97.9151 352.8580 0012817 225.9330 134.0836 14.94809522652218
YAOGAN-21
1 40143U 14053A   26241.17117889  .00005302  00000+0  20125-3 0  9994
2 40143  97.1425 278.2977 0007733 179.9229 180.2013 15.27216332666097
HIMAWARI-8
1 40267U 14060A   26241.15392191  .00000000  00000+0  00000+0 0  9994
2 40267   0.0150 106.1508 0001533  97.9692 329.3401  1.00269287 43499
YAOGAN-22
1 40275U 14063A   26241.04251685 -.00000062  00000+0 -38963-4 0  9990
2 40275 100.7835  33.5609 0006547  31.4999 328.6503 13.15532761569390
ASNARO
1 40298U 14070A   26241.18611817  .00004560  00000+0  21794-3 0  9993
2 40298  97.3411 315.3165 0002752 255.1804 104.9126 15.19500795655095
YAOGAN-24
1 40310U 14072A   26241.22213843  .00000708  00000+0  10993-3 0  9991
2 40310  98.1591  19.2087 0015255  35.3657 324.8561 14.76166704634494
CBERS 4
1 40336U 14079A   26241.15411583 -.00000108  00000+0 -22855-4 0  9996
2 40336  98.3476 295.6733 0001674 117.2091 242.9266 14.35524838614420
YAOGAN-26
1 40362U 14088A   26241.20866245  .00028065  00000+0  49925-3 0  9996
2 40362  97.0673 239.8658 0006140 119.7872 240.3992 15.50099962649000
FENGYUN 2G
1 40367U 14090A   26239.61159478 -.00000298  00000+0  00000+0 0  9995
2 40367   5.8125  71.9216 0004379 169.1512  54.3161  1.00262878 42715
SMAP
1 40376U 15003A   26241.17399376  .00000338  00000+0  74527-4 0  9991
2 40376  98.1310 247.2444 0001403  91.6915 268.4448 14.63360580618298
MMS 1
1 40482U 15011A   26241.25002315 -.00001814  00000+0  00000+0 0  9992
2 40482  72.9596 347.9159 8268801 169.0830 191.4581  0.28289303  1360
MMS 2
1 40483U 15011B   26241.25002315 -.00001815  00000+0  00000+0 0  9994
2 40483  72.9642 347.9148 8271639 169.0848 191.4389  0.28289241  1360
MMS 3
1 40484U 15011C   26241.25002315 -.00001815  00000+0  00000+0 0  9995
2 40484  72.9636 347.9268 8270013 169.0931 191.4128  0.28289244  1369
MMS 4
1 40485U 15011D   26241.25002315 -.00001815  00000+0  00000+0 0  9996
2 40485  72.9594 347.9108 8270131 169.1011 191.4234  0.28288151  1361
KOMPSAT-3A
1 40536U 15014A   26241.23692954  .00030350  00000+0  38704-3 0  9999
2 40536  97.6918 238.1743 0048283 268.4502  91.1221 15.57818810633170
SENTINEL-2A
1 40697U 15028A   26241.22167369 -.00000103  00000+0 -22774-4 0  9994
2 40697  98.5647 315.0185 0001313  87.2210 272.9123 14.30816968584175
GAOFEN-8
1 40701U 15030A   26241.16991480  .00014758  00000+0  28000-3 0  9991
2 40701  97.6864  79.0542 0006743 294.6436  65.4111 15.48401315622735
CARBONITE 1 (CBNT-1)
1 40718U 15032D   26241.15374196  .00000489  00000+0  65090-4 0  9996
2 40718  97.6550  56.1950 0015761  57.9376 302.3367 14.83780848600165
METEOSAT-11 (MSG-4)
1 40732U 15034A   26241.11114596  .00000064  00000+0  00000+0 0  9990
2 40732   3.3792  70.5935 0000748  53.3065 262.7597  1.00267830  7947
YAOGAN-27
1 40878U 15040A   26241.23648291  .00000522  00000+0  14851-2 0  9996
2 40878 100.1228 224.4701 0008907  49.1025 311.0859 13.16075260527279
GAOFEN-9 01
1 40894U 15047A   26241.20516330  .00000784  00000+0  10222-3 0  9995
2 40894  97.6238 273.5719 0025727 259.8604  99.9708 14.83000697591019
LILACSAT-2
1 40908U 15049K   26241.16471554  .00019698  00000+0  30841-3 0  9999
2 40908  97.4584 280.8755 0005966   3.4987 356.6307 15.53761161607078
ASTROSAT
1 40930U 15052A   26241.08038884  .00001579  00000+0  11009-3 0  9998
2 40930   5.9988 350.6330 0008108 352.5406   7.4601 14.82619283590667
AEROCUBE 5C
1 40965U 15058B   26241.04849345  .00001899  00000+0  17222-3 0  9998
2 40965  64.7673  35.8509 0135993  35.6219 325.3875 14.91814107376527
AEROCUBE 7
1 40966U 15058C   26241.10019508  .00002622  00000+0  21159-3 0  9995
2 40966  64.7633  16.3356 0125598  33.7629 327.1403 14.96234541376869
FOX-1A (AO-85)
1 40967U 15058D   26240.91854369  .00002087  00000+0  18986-3 0  9995
2 40967  64.7743  52.8863 0136374  29.2033 331.6614 14.91338474124414
SINOD-D 1
1 40968U 15058E   26241.13612071  .00002729  00000+0  21876-3 0  9998
2 40968  64.7753  30.3633 0125095  25.3466 335.3714 14.96428016127576
SNAP-3 ALICE
1 40970U 15058G   26241.17302211  .00500870  00000+0  20926-2 0  9991
2 40970  64.7421 207.8636 0020412 323.7779  36.1995 15.83820188128340
LMRST-SAT
1 40971U 15058H   26241.16116473  .00001997  00000+0  18356-3 0  9995
2 40971  64.7752  48.6119 0137866  31.0382 329.8783 14.90939643124433
SNAP-3 EDDIE
1 40972U 15058J   26240.86679877  .00448298  81595-4  15451-2 0  9998
2 40972  64.7325 198.7115 0017788 319.8624  40.1221 15.89030005130451
PROPCUBE 3
1 40973U 15058K   26241.14878237  .00002355  00000+0  19756-3 0  9992
2 40973  64.7692  24.4884 0129541  32.0846 328.8068 14.94702928125700
BISONSAT
1 40974U 15058L   26240.54673667  .00007936  00000+0  36587-3 0  9997
2 40974  64.7586 299.3830 0085054  16.1502 344.2302 15.17720714126599
SNAP-3 JIMI
1 40975U 15058M   26240.73015620  .00003489  00000+0  23797-3 0  9996
2 40975  64.7669 350.1032 0111638  27.1865 333.5037 15.03030970125121
PROPCUBE 1 (FLORA)
1 40976U 15058N   26240.98215142  .00002071  00000+0  19751-3 0  9996
2 40976  64.7732  69.5629 0136279  33.3838 327.5772 14.89557599127106
SINOD-D 3
1 40977U 15058P   26238.91659804  .00002780  00000+0  23463-3 0  9996
2 40977  64.7713  54.8682 0124628  31.0743 329.7664 14.94485068125320
YAOGAN-28
1 41026U 15064A   26241.21734698  .00006612  00000+0  24269-3 0  9994
2 41026  97.3175  18.0765 0008940 296.0779  63.9540 15.28243837601833
YAOGAN-29
1 41038U 15069A   26241.17699184  .00000592  00000+0  79230-4 0  9997
2 41038  98.0005 269.9157 0002642 116.6514 243.4970 14.83135399581444
ELEKTRO-L 2
1 41105U 15074A   26240.82135068 -.00000114  00000+0  00000+0 0  9990
2 41105   6.8699  69.6049 0001247 184.8300   3.7863  1.00271166 39231
KENT RIDGE 1
1 41167U 15077B   26240.90884038  .00004010  00000+0  13177-3 0  9999
2 41167  14.9796  84.9948 0008125 185.6887 174.3343 15.23511383592203
DAMPE
1 41173U 15078A   26241.18048032  .00000910  00000+0  32991-4 0  9995
2 41173  97.4588 247.0261 0012063 168.3652 191.7870 15.30944061595717
GAOFEN-4
1 41194U 15083A   26241.05897926 -.00000334  00000+0  00000+0 0  9996
2 41194   0.5382  83.5926 0003609 130.7279 249.9007  1.00273572 39267
JASON-3
1 41240U 16002A   26241.16779144 -.00000032  00000+0  12006-3 0  9991
2 41240  66.0443 332.4008 0008397 267.2630  92.7428 12.87626663496647
SENTINEL-3A
1 41335U 16011A   26241.15159345  .00000053  00000+0  39803-4 0  9997
2 41335  98.6308 307.4688 0000969  95.9216 264.2075 14.26734341548462
ASTRO-H (HITOMI)
1 41337U 16012A   26240.91370352  .00002394  00000+0  13490-3 0  9999
2 41337  31.0004 324.3897 0009565 265.1192  94.8354 15.10800908578291
ZIYUAN 3-02 (ZY 3-02)
1 41556U 16033A   26241.19894911  .00005152  00000+0  23162-3 0  9990
2 41556  97.3789 315.5508 0013681  43.9165 316.3156 15.21478455569085
CARTOSAT-2C
1 41599U 16040A   26241.16971362  .00003447  00000+0  16646-3 0  9992
2 41599  97.4424 300.1165 0008006 231.4410 128.6108 15.19304379564794
SKYSAT-C1
1 41601U 16040C   26241.00970880  .00008564  00000+0  23572-3 0  9994
2 41601  96.9526 268.8219 0004269 107.3690 252.8023 15.37379385569052
LAPAN-A3
1 41603U 16040E   26241.21768064  .00003285  00000+0  10356-3 0  9999
2 41603  97.1545 235.0066 0011984 109.9980 250.2555 15.33512127566009
GAOFEN-3
1 41727U 16049A   26241.20820745  .00000122  00000+0  50168-4 0  9992
2 41727  98.4040 247.9011 0001139  68.5010 291.6301 14.42223655529176
INSAT-3DR
1 41752U 16054A   26241.12397270 -.00000076  00000+0  00000+0 0  9993
2 41752   0.0809  93.2931 0011237 171.4855 191.2060  1.00272106 36557
SKYSAT-C4
1 41771U 16058B   26241.04102088  .00017695  00000+0  30932-3 0  9995
2 41771  96.9154 259.8626 0002330  55.4722 304.6751 15.50698623556756
SKYSAT-C5
1 41772U 16058C   26241.09126984  .00006932  00000+0  21139-3 0  9993
2 41772  97.0419 278.4179 0003736  68.1089 292.0551 15.34234468554921
SKYSAT-C2
1 41773U 16058D   26241.03037193  .00012095  00000+0  27105-3 0  9997
2 41773  97.0144 260.4524 0004741 122.4446 237.7262 15.43552629556288
SKYSAT-C3
1 41774U 16058E   26241.03461799  .00026854  00000+0  39396-3 0  9994
2 41774  96.8966 269.2125 0002876  82.7727 277.3855 15.55496683557424
PISAT
1 41784U 16059B   26240.00291758  .00000942  00000+0  16739-3 0  9994
2 41784  97.8230 237.3903 0028445 339.0276  20.9761 14.69100307530289
ALSAT-1B
1 41785U 16059C   26241.23157388  .00000069  00000+0  18306-4 0  9994
2 41785  97.7778 246.8533 0009346   1.4864 358.6371 14.72321664531321
PATHFINDER 1
1 41787U 16059E   26240.94727684  .00000555  00000+0  10514-3 0  9997
2 41787  97.8215 236.9577 0027809 337.2283  22.7687 14.67740369530382
SCATSAT 1
1 41790U 16059H   26241.18240875  .00000947  00000+0  13048-3 0  9990
2 41790  98.1130 305.6823 0054707  14.2128 346.0607 14.79678906112381
HIMAWARI-9
1 41836U 16064A   26241.15392191 -.00000273  00000+0  00000+0 0  9996
2 41836   0.0364 265.1917 0001311 284.4085 343.9299  1.00274957 35940
CAS-2T & KS-1Q
1 41847U 16066G   26241.16519850  .00000522  00000+0  83381-4 0  9998
2 41847  98.3773 316.0651 0340022 268.1065  88.1161 14.44818774515334
RAVAN
1 41849U 16067B   26240.66642553  .00063435  00000+0  71201-3 0  9991
2 41849  97.9768 138.9998 0006605 100.1485 260.0517 15.62421337538985
CELTEE 1
1 41850U 16067C   26240.62080023  .00004293  00000+0  20120-3 0  9998
2 41850  98.0558 112.1219 0001771  56.2768 303.8634 15.20301195536886
OPTICUBE 04
1 41851U 16067D   26241.11452618  .00001563  00000+0  10068-3 0  9994
2 41851  98.0615  97.1898 0014345 227.5570 132.4445 15.09919795536177
AEROCUBE 8D
1 41852U 16067E   26241.12609156  .00007697  00000+0  30889-3 0  9994
2 41852  98.0558 116.8540 0001997 224.2706 135.8371 15.25300447537184
AEROCUBE 8C
1 41853U 16067F   26241.13896464  .00007604  00000+0  30275-3 0  9993
2 41853  98.0431 114.0034 0005609 151.2106 208.9441 15.25557535537182
GOES 16
1 41866U 16071A   26241.14071590 -.00000090  00000+0  00000+0 0  9990
2 41866   0.5125  84.8786 0001506 118.1423  80.2890  1.00272683 35838
GOKTURK 1A
1 41875U 16073A   26241.23229649  .00000544  00000+0  11598-3 0  9993
2 41875  98.1573 134.8097 0001577  83.7696 276.3685 14.62741480519505
RESOURCESAT-2A
1 41877U 16074A   26241.19804513 -.00000039  00000+0  25569-5 0  9995
2 41877  98.7489 314.0873 0001552 195.5615 164.5515 14.21608880504672
FENGYUN 4A
1 41882U 16077A   26240.99122192 -.00000356  00000+0  00000+0 0  9996
2 41882   2.5004  79.3642 0007523 164.6598 213.4732  1.00263593 35664
CYGFM05
1 41884U 16078A   26241.02326676  .00028264  00000+0  34009-3 0  9994
2 41884  34.9555 137.1433 0003679 132.3276 227.7762 15.59797088540123
CYGFM04
1 41885U 16078B   26240.93609914  .00036845  00000+0  35165-3 0  9991
2 41885  34.9309 101.3910 0003319 200.3530 159.7065 15.65667020540392
CYGFM02
1 41886U 16078C   26240.97054227  .00045341  00000+0  36954-3 0  9995
2 41886  34.9389  93.2785 0003660 204.1595 155.8961 15.69497004540593
CYGFM01
1 41887U 16078D   26240.97758477  .00028640  00000+0  33428-3 0  9990
2 41887  34.9383 137.8713 0003355 123.8988 236.2056 15.60588318540070
CYGFM08
1 41888U 16078E   26241.05505397  .00034675  00000+0  35602-3 0  9993
2 41888  34.9421 114.8120 0004673 170.3141 189.7676 15.63838115540372
CYGFM07
1 41890U 16078G   26240.94544889  .00034166  00000+0  34942-3 0  9993
2 41890  34.9433 103.8192 0003783 193.6950 166.3675 15.63944903540386
CYGFM03
1 41891U 16078H   26240.98095278  .00034155  00000+0  34955-3 0  9993
2 41891  34.9391 105.5014 0002926 177.0867 182.9877 15.63931071540361
CARTOSAT-2D
1 41948U 17008A   26241.20079168  .00000579  00000+0  30672-4 0  9992
2 41948  97.4048 299.1159 0004796   7.8418 352.2891 15.19227323528662
SENTINEL-2B
1 42063U 17013A   26241.21447057 -.00000194  00000+0 -57413-4 0  9991
2 42063  98.5654 314.9403 0001259  90.5866 269.5461 14.30815687495081
HXMT (HUIYAN)
1 42758U 17034A   26241.06988329  .00004476  00000+0  21842-3 0  9991
2 42758  43.0144 137.0403 0032762 248.6771 111.0579 15.19008780508744
CARTOSAT-2E
1 42767U 17036C   26241.15321862  .00002533  00000+0  12322-3 0  9991
2 42767  97.4216 299.7252 0004500  72.0668 288.1057 15.19298527509229
TECHNOSAT
1 42829U 17042E   26240.31434375  .00003552  00000+0  25162-3 0  9996
2 42829  97.4374  35.2838 0016935 203.9102 156.1341 15.05314209497552
FLYING LAPTOP
1 42831U 17042G   26241.16559950  .00001914  00000+0  15207-3 0  9999
2 42831  97.4969  34.0534 0015906 238.1887 121.7790 15.01522486497406
CORVUS BC2
1 42846U 17042X   26240.92601985  .00003826  00000+0  26141-3 0  9997
2 42846  97.4151  39.5044 0012066 218.1003 141.9373 15.06677165498012
CORVUS BC1
1 42847U 17042Y   26240.91276002  .00003050  00000+0  20836-3 0  9999
2 42847  97.4187  40.3523 0011399 191.3193 168.7780 15.06837482498046
FORMOSAT-5
1 42920U 17049A   26241.15386078  .00000112  00000+0  39478-4 0  9999
2 42920  98.2208 314.8252 0010748 213.5202 146.5314 14.50903927477257
SENTINEL-5P
1 42969U 17064A   26240.80218576  .00000038  00000+0  39059-4 0  9999
2 42969  98.7955 182.4264 0001277  80.5180 279.6140 14.19529260459861
SKYSAT-C11
1 42987U 17068A   26240.23286954  .00031426  00000+0  36638-3 0  9999
2 42987  97.4431  32.4405 0001570  90.0392 270.1045 15.61608222494474
SKYSAT-C10
1 42988U 17068B   26241.16186972  .00010383  00000+0  30027-3 0  9997
2 42988  97.4602  18.8246 0001640  91.1220 269.0211 15.35810739493555
SKYSAT-C9
1 42989U 17068C   26241.16064635  .00015570  00000+0  35287-3 0  9995
2 42989  97.4524  20.4798 0006948 225.7700 134.2978 15.43160433494006
SKYSAT-C8
1 42990U 17068D   26240.82483781  .00010202  00000+0  27292-3 0  9990
2 42990  97.4621  18.5663 0001663  98.5381 261.6052 15.38247864493471
SKYSAT-C7
1 42991U 17068E   26241.14622016  .00011961  00000+0  31992-3 0  9998
2 42991  97.4631  19.8875 0005297 190.8446 169.2685 15.38198263493582
SKYSAT-C6
1 42992U 17068F   26240.80755421  .00008512  00000+0  26055-3 0  9990
2 42992  97.4671  19.1672 0001026  77.9304 282.2053 15.34078257493456
FENGYUN 3D
1 43010U 17072A   26241.22938117 -.00000056  00000+0 -47198-5 0  9999
2 43010  99.0205 216.9985 0001314 153.8851 206.2391 14.19751469455357
NOAA 20 (JPSS-1)
1 43013U 17073A   26241.09540338  .00000041  00000+0  40612-4 0  9997
2 43013  98.7794 179.9172 0001931  70.2181 289.9203 14.19523298454815
MAKERSAT 0
1 43016U 17073D   26240.94401014  .00027969  00000+0  70168-3 0  9996
2 43016  97.4499 124.1085 0101366  14.9217 345.4978 15.34761892477611
RADFXSAT (FOX-1B)
1 43017U 17073E   26240.15602694  .00007487  00000+0  31795-3 0  9993
2 43017  97.4597 105.9022 0149743  80.0220 281.7873 15.13653168476278
CARTOSAT-2F
1 43111U 18004A   26241.18652792  .00003333  00000+0  16171-3 0  9998
2 43111  97.4726 300.0810 0002170  45.9222 314.2191 15.19181611478412
ZHANGHENG 1-01 (CSES-1)
1 43194U 18015C   26241.17016343  .00006145  00000+0  27869-3 0  9996
2 43194  97.6938  48.3119 0016046  18.5749 341.6068 15.21098108475731
GOES 17
1 43226U 18022A   26241.10033453 -.00000181  00000+0  00000+0 0  9993
2 43226   1.1173  84.5145 0000944 113.3843  86.0509  1.00271238 31151
GAOFEN-1 02
1 43259U 18031A   26241.22002117  .00000770  00000+0  11804-3 0  9996
2 43259  98.0474 303.5179 0003961 120.9119 239.2480 14.76465344453472
GAOFEN-1 03
1 43260U 18031B   26241.19797220  .00000583  00000+0  91136-4 0  9999
2 43260  98.0456 303.3460 0002713 162.2897 197.8407 14.76468034453467
GAOFEN-1 04
1 43262U 18031D   26241.17368975  .00000069  00000+0  17321-4 0  9993
2 43262  98.0475 303.5221 0001689 124.1229 236.0141 14.76459300453450
SENTINEL-3B
1 43437U 18039A   26241.12473191  .00000083  00000+0  52423-4 0  9995
2 43437  98.6305 307.5923 0001617  89.4303 270.7063 14.26734048434527
GAOFEN-5 01
1 43461U 18043A   26239.92251644  .00000293  00000+0  70251-4 0  9991
2 43461  98.4652 213.0452 0001318 171.6674 188.4548 14.60647692442166
GAOFEN-6
1 43484U 18048A   26241.19768705  .00000175  00000+0  32760-4 0  9996
2 43484  98.0917 303.9930 0009393 300.2317  59.7962 14.76424900444160
FENGYUN 2H
1 43491U 18050A   26241.12501271 -.00000127  00000+0  00000+0 0  9998
2 43491   3.2115  78.1725 0002375 142.7114 240.7272  1.00274041 30176
GAOFEN-11 01
1 43585U 18063A   26241.21591286  .00013603  00000+0  18787-3 0  9998
2 43585  97.1229 307.9629 0005270  73.6557 286.5278 15.57265876451707
ICESAT-2
1 43613U 18070A   26241.16413826  .00011465  00000+0  41687-3 0  9994
2 43613  92.0059 310.6974 0003956 143.6723 216.4795 15.28222123443602
SAOCOM 1A
1 43641U 18076A   26241.18245105 -.00000399  00000+0 -43611-4 0  9992
2 43641  97.8892  66.8786 0001493  86.0381 274.1002 14.82154164426911
DIWATA-2B
1 43678U 18084H   26241.18651770  .00001110  00000+0  92837-4 0  9994
2 43678  98.1193  80.6071 0010552 287.3039  72.7028 15.00684375427163
H-2A R/B
1 43682U 18084L   26241.17881990  .00026515  00000+0  50791-3 0  9995
2 43682  98.8449 136.1411 0022608 137.9787 222.3198 15.47751121432408
METOP-C
1 43689U 18087A   26241.13023031  .00000089  00000+0  60660-4 0  9990
2 43689  98.6581 299.3765 0000810  45.4663 314.6581 14.21512206405198
ES'HAIL 2
1 43700U 18090A   26241.11443933  .00000146  00000+0  00000+0 0  9994
2 43700   0.0146 121.3866 0002613  68.8612 214.0646  1.00273088 28403
HYSIS
1 43719U 18096A   26241.16010723  .00001079  00000+0  15441-3 0  9997
2 43719  97.9792 307.3126 0000939  91.0761 269.0558 14.78630300418208
SIRION PATHFINDER-2
1 43759U 18099B   26241.10759926  .00003895  00000+0  21135-3 0  9998
2 43759  97.4191 288.4346 0009956  54.6932 305.5230 15.15084999423664
HAWK-A
1 43765U 18099H   26241.11304140  .00006719  00000+0  26367-3 0  9990
2 43765  97.3848 292.4123 0034865  31.2594 329.0707 15.25486052424218
CORVUS BC4
1 43767U 18099K   26241.08186883  .00003875  00000+0  22290-3 0  9991
2 43767  97.4009 281.9309 0009864 106.3922 253.8394 15.12993025423426
FOX-1CLIFF (AO-95)
1 43770U 18099N   26241.12323035  .00012140  00000+0  44473-3 0  9994
2 43770  97.4320 301.1473 0010049  91.5171 268.7219 15.28114282424352
KAZSTSAT
1 43783U 18099AB  26240.54538195  .00000881  00000+0  75304-4 0  9995
2 43783  97.4221 269.1952 0011123 164.8741 195.2818 14.99993428422151
ITASAT
1 43786U 18099AE  26241.12031933  .00006129  00000+0  28818-3 0  9999
2 43786  97.3965 291.1918 0014074  97.5879 262.6955 15.19854434423986
HAWK-B
1 43794U 18099AN  26241.09221997  .00006327  00000+0  26355-3 0  9999
2 43794  97.3897 291.6504 0032680  49.6428 310.7655 15.23581534424139
HAWK-C
1 43799U 18099AT  26241.11669898  .00008384  00000+0  29206-3 0  9996
2 43799  97.3824 293.6963 0040133  29.4700 330.8790 15.29134156425051
JY1SAT (JO-97)
1 43803U 18099AX  26241.11861461  .00018567  00000+0  53408-3 0  9997
2 43803  97.4065 304.2943 0005615  27.2782 332.8756 15.35824892424811
GEO-KOMPSAT-2A
1 43823U 18100A   26241.04419897  .00000000  00000+0  00000+0 0  9995
2 43823   0.0184 117.4672 0001868 358.0674   5.8962  1.00270598 28360
SAUDISAT 5A
1 43831U 18102A   26241.16464422  .00005115  00000+0  18587-3 0  9998
2 43831  97.3002 301.3451 0008139 227.6099 132.4453 15.28693142426820
SAUDISAT 5B
1 43833U 18102C   26241.17205087  .00004710  00000+0  17016-3 0  9997
2 43833  97.3114 304.5542 0008805 230.7800 129.2659 15.28916286426949
UWE-4
1 43880U 18111E   26240.27691064  .00036103  00000+0  63180-3 0  9997
2 43880  97.5824 172.2206 0009721  72.1810 288.0501 15.50489824421937
METEOR-M2 2
1 44387U 19038A   26241.22999653  .00000397  00000+0  19138-3 0  9990
2 44387  98.9213 229.6174 0001795 126.9376 233.1967 14.24383477371697
GAOFEN-10R
1 44622U 19066A   26241.15462238  .00000933  00000+0  12120-3 0  9999
2 44622  98.0558 195.2893 0004148 256.0511 104.0241 14.83138084373194
CARTOSAT-3
1 44804U 19081A   26241.20000098  .00002330  00000+0  11362-3 0  9996
2 44804  97.4244 301.8654 0010265 256.5230 103.4861 15.19270114374554
GAOFEN-12 01
1 44819U 19082A   26241.20854133  .00000335  00000+0  50352-4 0  9996
2 44819  97.8144 245.6742 0002075 114.9200 245.2229 14.80508677364894
CSG-1
1 44873U 19092A   26241.16528204  .00000359  00000+0  51643-4 0  9999
2 44873  97.8913  63.7252 0001428  87.0790 273.0586 14.82158444362289
TIANYAN 01
1 44881U 19093C   26241.14374679  .00000506  00000+0  62995-4 0  9998
2 44881  97.7485 311.5792 0012867 201.1121 158.9565 14.86612365362256
RS-44 & BREEZE-KM R/B
1 44909U 19096E   26241.18113201  .00000031  00000+0  85461-4 0  9994
2 44909  82.5202 291.2084 0216935 333.9850  25.0472 12.79749044311686
M2 PATHFINDER
1 45727U 20037E   26241.05784602  .00001820  00000+0  13288-3 0  9999
2 45727  97.8145  73.1270 0009749 266.9400  93.0710 15.04960131336458
SAOCOM 1B
1 46265U 20059A   26241.14620361  .00000581  00000+0  79586-4 0  9999
2 46265  97.8898  65.9421 0001486  85.5838 274.5544 14.82157710324294
NEMO-HD
1 46277U 20061F   26241.17415700  .00010523  00000+0  21806-3 0  9995
2 46277  97.1855 302.4317 0002612 106.9898 253.1638 15.45920568333254
SALSAT
1 46495U 20068K   26240.00897782  .00007891  00000+0  26828-3 0  9992
2 46495  97.8878 247.5086 0010918  57.2315 302.9975 15.30706055326346
NETSAT-4
1 46504U 20068U   26240.85765994  .00019548  00000+0  40034-3 0  9992
2 46504  97.8608 255.0707 0006861  70.2912 289.9075 15.46118558326990
NETSAT-3
1 46505U 20068V   26240.33494228  .00016760  00000+0  35736-3 0  9991
2 46505  97.8663 252.6367 0006905  84.6332 275.5702 15.44968884326813
NETSAT-1
1 46506U 20068W   26240.47505448  .00010139  00000+0  29017-3 0  9993
2 46506  97.8772 246.2270 0006492 107.7445 252.4507 15.36150197326391
NETSAT-2
1 46507U 20068X   26240.97569337  .00025136  00000+0  46721-3 0  9990
2 46507  97.8620 255.3966 0005536  92.1651 268.0232 15.48882913326996
SENTINEL-6A
1 46984U 20086A   26240.30571029 -.00000058  00000+0  12426-4 0  9990
2 46984  66.0445 345.2601 0007807 268.8311  91.1810 12.80930416269562
HAWK-2C
1 47502U 21006CT  26241.09524850  .00006445  00000+0  18924-3 0  9990
2 47502  97.2220 283.9678 0005110 308.7993  51.2795 15.35469600310687
HAWK-2A
1 47505U 21006CW  26241.09607453  .00006447  00000+0  18905-3 0  9995
2 47505  97.2259 284.6910 0004731 315.6214  44.4651 15.35512055310688
HAWK-2B
1 47508U 21006CZ  26241.08584596  .00006738  00000+0  19657-3 0  9997
2 47508  97.2132 282.8995 0005052 311.6783  48.4028 15.35653840310688
CAS500-1
1 47932U 21022A   26240.93095185  .00005841  00000+0  27281-3 0  9996
2 47932  97.3792 134.6690 0006284  44.9799 315.1944 15.20172364301816
GAOFEN-12 02
1 48079U 21026A   26241.22745091  .00000322  00000+0  49118-4 0  9997
2 48079  97.9977 239.1296 0005072  15.7104 344.4264 14.80344904292560
PLEIADES NEO 3
1 48268U 21034A   26241.18821431 -.00000421  00000+0 -46879-4 0  9997
2 48268  97.8956 314.9052 0001587  91.2514 268.8881 14.81671991288467
CSS (TIANHE)
1 48274U 21035A   26241.12796219  .00016121  00000+0  20225-3 0  9992
2 48274  41.4675 239.2190 0001828 254.1114 105.9523 15.59368515304557
COSMOS 2550
1 48865U 21056A   26241.18697275  .00004641  00000+0  14673-3 0  9993
2 48865  67.1409 239.0808 0008343 268.8181  91.2018 15.33846595289911
HAWK-3B
1 48931U 21059BE  26241.05470995  .00060290  00000+0  39194-3 0  9991
2 48931  97.6576  84.9850 0005051  61.9949 298.1826 15.75773245289304
HAWK-3C
1 48948U 21059BX  26241.05437500  .00058065  00000+0  37768-3 0  9996
2 48948  97.6682  90.7902 0005393  64.8178 295.3645 15.75766029289308
HAWK-3A
1 48957U 21059CG  26241.05425170  .00059310  00000+0  38570-3 0  9992
2 48957  97.6635  87.9376 0005224  66.5899 293.5914 15.75767456289305
FENGYUN 3E
1 49008U 21062A   26241.20529303  .00000278  00000+0  15169-3 0  9992
2 49008  98.7532 243.8117 0000773 193.6677 166.4479 14.19910384266943
ISS (NAUKA)
1 49044U 21066A   26241.14359911  .00006447  00000+0  12539-3 0  9997
2 49044  51.6318 298.9928 0004983  87.4693 272.6866 15.48924180583785
PLEIADES NEO 4
1 49070U 21073E   26241.22197086 -.00000231  00000+0 -22691-4 0  9994
2 49070  97.8954 314.9344 0001498  93.6146 266.5238 14.81670211272186
LANDSAT 9
1 49260U 21088A   26241.12393038  .00000260  00000+0  67771-4 0  9993
2 49260  98.2227 310.3970 0001376 104.5270 255.6081 14.57102842261620
FREGAT DEB
1 49271U 11037PF  26240.74766764  .00017079  00000+0  25443-1 0  9998
2 49271  51.6379 143.4842 0929556  82.8409 287.7061 12.43872876234074
IXPE
1 49954U 21121A   26241.00003472  .00011626  00000+0  62340-3 0  9992
2 49954   0.2292 126.1341 0007235 103.3613 187.7957 15.10840911  5841
XW-3 (CAS-9)
1 50466U 21131B   26240.94323729  .00000182  00000+0  69767-4 0  9991
2 50466  98.4984 332.9382 0003081 227.7178 132.3751 14.41412783245593
CSG-2
1 51444U 22008A   26241.19902704  .00000298  00000+0  44049-4 0  9990
2 51444  97.8904  63.7506 0001499  83.9405 276.1979 14.82156197247408
GOES 18
1 51850U 22021A   26241.17439851  .00000098  00000+0  00000+0 0  9994
2 51850   0.0349 309.0654 0000852 266.7851  47.3272  1.00271069  7327
HAWK-5C
1 52754U 22057Y   26241.00289094  .00020288  00000+0  31824-3 0  9996
2 52754  97.6660  45.5323 0004383 148.8758 211.2755 15.53718059237649
HAWK-5B
1 52756U 22057AA  26241.00272380  .00020292  00000+0  31823-3 0  9992
2 52756  97.6675  43.8942 0005184 145.3228 214.8363 15.53719314237648
HAWK-5A
1 52757U 22057AB  26241.00251301  .00020370  00000+0  31949-3 0  9999
2 52757  97.6669  44.7217 0005045 148.0854 212.0705 15.53716602237645
CZ-2C R/B
1 52794U 22058K   26240.73614803  .00035458  00000+0  32196-3 0  9998
2 52794  50.1847 144.5439 0029671 212.0464 147.8708 15.67025993237002
GAOFEN-12 03
1 52912U 22069A   26241.20155245  .00000983  00000+0  13617-3 0  9997
2 52912  97.8167 127.1941 0000739  63.7014 296.4274 14.80133686225412
GREENCUBE (IO-117)
1 53109U 22080E   26239.46575602 -.00000003  00000+0  00000+0 0  9999
2 53109  70.1259 273.4568 0009214 273.8874  86.0732  6.42583681 96648
CSS (WENTIAN)
1 53239U 22085A   26240.87178076  .00018330  00000+0  22938-3 0  9998
2 53239  41.4674 240.7748 0001832 253.6934 106.3702 15.59363903288234
CZ-2C R/B
1 54039U 22132E   26241.03502128  .00094492  00000+0  47350-3 0  9996
2 54039  97.2886 251.8254 0013153 148.5725 211.6332 15.81380297217423
GSLV R/B
1 54149U 22138AN  26241.09288560  .00001619  00000+0  13590-3 0  9999
2 54149  87.3764 108.4869 0018833 241.3343 118.5995 14.97536998209728
CSS (MENGTIAN)
1 54216U 22143A   26240.87178076  .00018330  00000+0  22938-3 0  9999
2 54216  41.4674 240.7748 0001832 253.6934 106.3702 15.59363903304914
NOAA 21 (JPSS-2)
1 54234U 22150A   26240.84504349  .00000036  00000+0  37739-4 0  9990
2 54234  98.7078 178.4176 0002014  23.2483 336.8784 14.19547077196855
METEOSAT-12 (MTG-I1)
1 54743U 22170C   26240.89545485 -.00000007  00000+0  00000+0 0  9993
2 54743   0.7582  23.9114 0004077  87.7922 187.4256  1.00268705 13703
SWOT
1 54754U 22173A   26241.15738694  .00000016  00000+0  12522-4 0  9990
2 54754  77.6103 296.8082 0000105 241.7260 118.3881 14.00169873189360
HAWK-6B
1 55324U 23011A   26240.56573316  .00004181  00000+0  17964-3 0  9999
2 55324  40.4988 289.7305 0002901 218.7783 141.2818 15.23482204198886
HAWK-6C
1 55326U 23011C   26240.49954613  .00003703  00000+0  16005-3 0  9990
2 55326  40.4976 286.9472 0003156 203.0566 157.0102 15.23478053198886
HAWK-6A
1 55327U 23011D   26240.49957544  .00003639  00000+0  15744-3 0  9994
2 55327  40.4989 288.5780 0002840 202.6472 157.4213 15.23478935198887
TIANMU-1 03
1 55973U 23039A   26241.21280142  .00017055  00000+0  31474-3 0  9990
2 55973  97.5258  58.1664 0003000 160.0868 200.0500 15.49176620192133
TIANMU-1 04
1 55974U 23039B   26241.17247249  .00016643  00000+0  30005-3 0  9998
2 55974  97.5201  57.2875 0003709 162.6729 197.4649 15.49845912192147
TIANMU-1 05
1 55975U 23039C   26241.19727139  .00016165  00000+0  29934-3 0  9990
2 55975  97.5246  57.7377 0002103 182.7791 177.3448 15.49092558192119
TIANMU-1 06
1 55976U 23039D   26241.18088666  .00016860  00000+0  30529-3 0  9999
2 55976  97.5246  58.4332 0002730 172.4564 187.6728 15.49722264192141
HAWK-7A
1 56191U 23054P   26241.14285922  .00005587  00000+0  20696-3 0  9994
2 56191  97.2580 126.6154 0004374 118.2007 241.9675 15.28028815188165
HAWK-7B
1 56193U 23054R   26241.14280000  .00005408  00000+0  20045-3 0  9998
2 56193  97.2607 124.9045 0003272 119.3698 240.7869 15.28025863188163
HAWK-7C
1 56200U 23054Y   26241.14267049  .00005506  00000+0  20402-3 0  9991
2 56200  97.2582 125.6507 0003798 113.8379 246.3260 15.28026879188168
FENGYUN 3G
1 56232U 23055A   26241.19747341  .00023864  00000+0  38029-3 0  9991
2 56232  49.9935 329.5919 0012410 319.8335  40.1714 15.52992846191354
METEOR-M2 3
1 57166U 23091A   26241.17109441  .00000008  00000+0  22157-4 0  9990
2 57166  98.6022 294.6327 0003240 333.6608  26.4406 14.24051657164902
UMKA 1 (RS40S)
1 57172U 23091G   26240.91229547  .00005764  00000+0  25870-3 0  9996
2 57172  97.4987 299.3408 0011428 219.3942 140.6463 15.21525983175063
SITRO-AIS 5 (KATYS)
1 57176U 23091L   26240.85183378  .00012143  00000+0  40833-3 0  9999
2 57176  97.4999 305.4952 0010460 196.5270 163.5631 15.30910690175455
CUBESX-HSE 3 (RS42S)
1 57178U 23091N   26240.86847070  .00013701  00000+0  43380-3 0  9999
2 57178  97.5033 307.4358 0010122 185.1962 174.9176 15.32821940175558
MONITOR-3 (RS58S)
1 57180U 23091Q   26240.86513872  .00010271  00000+0  36552-3 0  9994
2 57180  97.5023 304.8868 0010822 194.7320 165.3606 15.29104766175398
MONITOR-4 (RS57S)
1 57182U 23091S   26240.90545184  .00010386  00000+0  36853-3 0  9993
2 57182  97.5016 304.9026 0010815 194.9355 165.1567 15.29198878175404
MONITOR-2 (RS39S)
1 57184U 23091U   26240.89651515  .00004499  00000+0  21508-3 0  9998
2 57184  97.5008 298.7124 0010081 212.0137 148.0486 15.19480944174991
SVYATOBOR 1 (RS60S)
1 57187U 23091X   26240.85490034  .00008888  00000+0  33086-3 0  9994
2 57187  97.5030 305.1054 0008936 185.9897 174.1237 15.27685001175402
VIZARD-METEO (RS38S)
1 57189U 23091Z   26240.86412966  .00017733  00000+0  47379-3 0  9994
2 57189  97.5036 311.8952 0007488 159.3160 200.8389 15.38123911175853
POLYTECH-UNIVERSE 3 (R*)
1 57191U 23091AB  26240.91354260  .00004684  00000+0  22213-3 0  9996
2 57191  97.4983 298.2341 0013922 231.8061 128.1920 15.19697284174997
SITRO-AIS 6 (CHIRKIN)
1 57192U 23091AC  26240.87349393  .00009620  00000+0  36375-3 0  9992
2 57192  97.5007 304.2363 0010608 202.1109 157.9673 15.27127705175373
SITRO-AIS 8 (ANOKHIN)
1 57193U 23091AD  26240.86553863  .00014925  00000+0  45679-3 0  9992
2 57193  97.4998 307.4102 0009672 190.5009 169.6033 15.33885935175582
SITRO-AIS 7 (FARTUSHNIY)
1 57194U 23091AE  26240.89226666  .00008995  00000+0  34389-3 0  9990
2 57194  97.5002 304.0397 0010514 203.2783 156.7981 15.26784619175361
SITRO-AIS 10 (BURDAEV)
1 57199U 23091AK  26240.89829186  .00021755  00000+0  52582-3 0  9995
2 57199  97.5026 313.2924 0006822 158.8328 201.3202 15.41153310175950
SITRO-AIS 9 (SHCHUKIN)
1 57201U 23091AM  26240.88452196  .00021271  00000+0  52391-3 0  9992
2 57201  97.5024 312.9471 0007009 159.7903 200.3622 15.40584887175931
UTMN 2 (RS27S)
1 57203U 23091AP  26240.91258329  .00013448  00000+0  41537-3 0  9997
2 57203  97.5030 309.2018 0007954 168.5332 191.6093 15.33634848175680
SITRO-AIS 12 (SMIRENNIY)
1 57204U 23091AQ  26240.86111175  .00021152  00000+0  51576-3 0  9994
2 57204  97.5038 313.4369 0006775 153.7654 206.3937 15.40893001175955
SITRO-AIS 11 (SHEFFER)
1 57208U 23091AU  26240.85309092  .00021501  00000+0  51582-3 0  9999
2 57208  97.5037 313.7244 0006772 153.5697 206.5896 15.41381205175972
KUZGTU 1 (RS47S)
1 57217U 23091AV  26240.86207413  .00012248  00000+0  40667-3 0  9994
2 57217  97.5004 306.1353 0010245 189.7134 170.3910 15.31318794175494
TIANMU-1 07
1 57399U 23101A   26240.94858528  .00005744  00000+0  19701-3 0  9993
2 57399  97.2535 289.9592 0001482 188.2568 171.8650 15.30545834172773
TIANMU-1 08
1 57400U 23101B   26240.98050030  .00005564  00000+0  19093-3 0  9996
2 57400  97.2523 289.7504 0003025 193.7748 166.3411 15.30545140172774
TIANMU-1 09
1 57401U 23101C   26240.96259595  .00005817  00000+0  19962-3 0  9998
2 57401  97.2482 289.1110 0002046 209.4397 150.6729 15.30523499172774
TIANMU-1 10
1 57402U 23101D   26240.93074799  .00005841  00000+0  20013-3 0  9993
2 57402  97.2561 290.2063 0003255 216.4124 143.6897 15.30575123172760
FENGYUN 3F
1 57490U 23111A   26240.97598410  .00000036  00000+0  37511-4 0  9999
2 57490  98.6786 309.6081 0000866 110.6798 249.4472 14.19949136159194
GAOFEN-12 04
1 57654U 23123A   26240.95969346  .00000784  00000+0  11088-3 0  9992
2 57654  97.9070 157.8704 0001120 216.3555 143.7581 14.79841907163395
XRISM
1 57800U 23137A   26240.70601174  .00003631  00000+0  19519-3 0  9996
2 57800  31.0016 249.6570 0007477 334.9226  25.1049 15.12988242163856
ARKTIKA-M 2
1 58584U 23198A   26230.07438780  .00000056  00000+0  00000+0 0  9992
2 58584  63.2129 147.3319 6901614 267.6403  18.7125  2.00593343 19562
TIANMU-1 11
1 58645U 23205A   26240.97277933  .00004997  00000+0  18741-3 0  9993
2 58645  97.3437 261.4164 0010578 104.1879 256.0536 15.27637570148630
TIANMU-1 12
1 58646U 23205B   26240.95458159  .00005178  00000+0  19612-3 0  9993
2 58646  97.3427 261.1175 0009461  92.2031 268.0292 15.27306352148616
TIANMU-1 13
1 58647U 23205C   26240.98628818  .00005284  00000+0  20017-3 0  9997
2 58647  97.3453 261.4487 0008072  77.2571 282.9570 15.27298329148612
TIANMU-1 14
1 58648U 23205D   26240.90412501  .00005118  00000+0  19381-3 0  9998
2 58648  97.3391 260.4927 0008880  81.2579 278.9665 15.27319262148601
TIANMU-1 19
1 58660U 23208A   26240.91458889  .00007903  00000+0  25363-3 0  9996
2 58660  97.4562 357.6606 0006162  66.3655 293.8233 15.32574967148461
TIANMU-1 20
1 58661U 23208B   26240.96120449  .00008365  00000+0  25833-3 0  9995
2 58661  97.4507 358.4194 0008340  69.9450 290.2690 15.33770062148579
TIANMU-1 21
1 58662U 23208C   26240.90065753  .00009694  00000+0  27618-3 0  9995
2 58662  97.4571   1.3664 0008137  63.2573 296.9502 15.36272866148728
TIANMU-1 22
1 58663U 23208D   26240.92288456  .00007376  00000+0  24138-3 0  9994
2 58663  97.4559 357.5393 0005143  86.0365 274.1464 15.31975786148468
TIANMU-1 15
1 58700U 24004A   26240.96654068  .00005234  00000+0  19831-3 0  9996
2 58700  97.4671  67.1787 0008798  81.6447 278.5790 15.27305232146889
TIANMU-1 16
1 58701U 24004B   26240.95297396  .00004854  00000+0  18361-3 0  9997
2 58701  97.4621  66.3582 0007500  94.1659 266.0438 15.27409291146884
TIANMU-1 17
1 58702U 24004C   26240.93856630  .00005230  00000+0  19767-3 0  9998
2 58702  97.4647  66.8547 0007022  98.2054 261.9981 15.27404552146873
TIANMU-1 18
1 58703U 24004D   26240.98281966  .00004888  00000+0  18548-3 0  9992
2 58703  97.4663  67.1657 0006542  83.4242 276.7742 15.27307481146882
INSAT-3DS
1 58990U 24033A   26240.91174825 -.00000155  00000+0  00000+0 0  9994
2 58990   0.0784 265.4921 0001366 270.1431 211.8365  1.00271423 47798
METEOR-M2 4
1 59051U 24039A   26240.98720343 -.00000005  00000+0  17516-4 0  9997
2 59051  98.7082 199.3932 0006476 328.1126  31.9659 14.22436007129619
PARS 1
1 59065U 24039Q   26240.98031801  .00011199  00000+0  22255-3 0  9996
2 59065  97.4892 224.2994 0008229 197.3753 162.7216 15.47110269139895
SITRO-AIS 25
1 59066U 24039R   26240.92813803  .00004063  00000+0  31184-3 0  9994
2 59066  95.3843 285.0650 0145713  73.9010 287.8203 14.93933979135586
SITRO-AIS 26
1 59067U 24039S   26240.93973728  .00004859  00000+0  37408-3 0  9997
2 59067  95.3845 284.9551 0146208  74.5241 287.2077 14.93719357135574
SITRO-AIS 27
1 59068U 24039T   26240.95618713  .00004082  00000+0  31179-3 0  9997
2 59068  95.3848 285.2726 0145242  72.9153 288.7923 14.94155098135604
SITRO-AIS 28
1 59071U 24039U   26240.93197848  .00004568  00000+0  34856-3 0  9994
2 59071  95.3846 285.3072 0145003  72.8557 288.8488 14.94187001135609
SONATE-2
1 59112U 24043Q   26240.87419799  .00048661  00000+0  50886-3 0  9993
2 59112  97.5602  36.0751 0004870 290.4308  69.6427 15.64309849139237
RESURS-P 4
1 59371U 24061A   26240.94519816  .00003033  00000+0  99116-4 0  9993
2 59371  97.2797 187.6122 0000848  58.1919 301.9406 15.32499054134900
ACS3
1 59588U 24077B   26240.68460398  .00029841  00000+0  20303-1 0  9995
2 59588  97.2028 143.5753 0108244 344.6112  15.1773 13.97028183118155
LEGION 1
1 59625U 24081A   26240.85587378  .00003282  00000+0  16883-3 0  9990
2 59625  97.4977 317.9408 0010800 112.5944 247.6433 15.17102098128553
LEGION 2
1 59626U 24081B   26240.88678169  .00003612  00000+0  18543-3 0  9995
2 59626  97.4977 318.0670 0013005  85.2344 275.0374 15.17086961128567
GOES 19
1 60133U 24119A   26240.88054812 -.00000247  00000+0  00000+0 0  9992
2 60133   0.0205 265.0597 0000523 332.3198 341.5265  1.00271185  7698
ALOS-4 (DAICHI-4)
1 60182U 24123A   26240.93146471  .00001185  00000+0  16552-3 0  9994
2 60182  97.9221 337.0610 0001504  96.7093 263.4289 14.79475896116634
MESAT1
1 60209U 24125G   26240.56074760  .00074452  00000+0  55818-3 0  9991
2 60209  97.2157 100.1169 0005297 306.4241  53.6534 15.72391471120909
GRBBETA
1 60237U 24128C   26240.61714807  .00003016  00000+0  21228-3 0  9990
2 60237  61.9916 322.0591 0030257 150.5287 209.7520 15.07088873117189
OOV-CUBE (TUBSAT-30)
1 60240U 24128F   26240.70967357  .00001957  00000+0  15836-3 0  9994
2 60240  61.9971 332.6394 0034650 150.4213 209.8848 15.03045074117019
ROBUSTA-3A (MEDITERRAN*)
1 60243U 24128J   26240.61168737  .00006091  00000+0  35602-3 0  9999
2 60243  61.9874 311.9574 0031278 143.0164 217.3097 15.12563478117372
LEGION 3
1 60452U 24146A   26240.75560089  .00003577  00000+0  19681-3 0  9997
2 60452  45.0028   1.4933 0008646 241.2979 118.7031 15.15933683113039
LEGION 4
1 60453U 24146B   26240.82059172  .00003205  00000+0  17771-3 0  9998
2 60453  45.0009  93.0052 0009785 355.9226   4.1572 15.15944264111898
SENTINEL-2C
1 60989U 24157A   26240.62007448  .00000082  00000+0  47795-4 0  9991
2 60989  98.5645 314.3593 0001441  98.4349 261.6998 14.30816757103340
SPACEMOBILE-003
1 61045U 24163A   26238.47330053 -.00000722  00000+0 -17783-4 0  9990
2 61045  52.9752 346.2552 0003635 342.1733  17.9133 15.20665647108460
SPACEMOBILE-005
1 61046U 24163B   26240.62657937  .00006147  00000+0  29155-3 0  9994
2 61046  52.9824 336.3345 0007954 342.4138  17.6579 15.20566937108789
SPACEMOBILE-001
1 61047U 24163C   26239.63970080  .00000767  00000+0  49307-4 0  9995
2 61047  52.9781 340.5656 0006078 351.3223   8.7665 15.20567457108633
SPACEMOBILE-002
1 61048U 24163D   26239.69166929  .00020099  00000+0  91655-3 0  9993
2 61048  52.9765 340.4134 0006498 345.0930  14.9872 15.20627023108643
SPACEMOBILE-004
1 61049U 24163E   26239.67259105  .00016302  00000+0  74812-3 0  9999
2 61049  52.9705 340.2515 0006834   9.1608 350.9509 15.20553508108649
IONOSFERA-M 1
1 61735U 24199A   26240.91049263  .00000054  00000+0  43539-4 0  9991
2 61735  98.7054 113.2777 0000516  18.3404 341.7793 14.22765921138046
IONOSFERA-M 2
1 61736U 24199B   26240.87430148  .00000051  00000+0  42379-4 0  9991
2 61736  98.7053 113.1520 0001937  95.9261 264.2138 14.22769097141168
COLIBRI-S (RS67S)
1 61746U 24199M   26240.92267487  .00026134  00000+0  45653-3 0  9999
2 61746  97.2853 115.5448 0008590  30.2691 329.9055 15.50612218148671
HORS 3 (RS81S)
1 61753U 24199U   26240.88241669  .00048056  00000+0  59038-3 0  9995
2 61753  97.2841 118.3934 0006127  36.9615 323.2063 15.60131104148879
HORS 4 (RS82S)
1 61754U 24199V   26240.89433983  .00082212  00000+0  76253-3 0  9999
2 61754  97.2775 120.1899 0004603  37.1892 322.9687 15.67201581149002
SIT-2086
1 61764U 24199AF  26240.88433688  .00047641  00000+0  62855-3 0  9991
2 61764  97.2797 118.6191 0005761  19.3256 340.8218 15.58243005145738
ALTAIR (RS65S)
1 61779U 24199AW  26240.86804167  .00008627  00000+0  23036-3 0  9998
2 61779  97.2913 109.7612 0013738  50.4127 309.8329 15.38251018148281
ASRTU-1 (AO-123)
1 61781U 24199AY  26240.92619962  .00007947  00000+0  22368-3 0  9996
2 61781  97.2882 108.9473 0014967  52.4830 307.7772 15.36625487145091
SAMSAT-IONOSPHERE (RS7*)
1 61784U 24199BB  26240.88450625  .00076146  00000+0  78594-3 0  9992
2 61784  97.2797 118.7873 0007258  31.7046 328.4649 15.64517865148903
RTU MIREA 1 (RS51S)
1 61785U 24199BC  26240.89316265  .00104500  00000+0  85131-3 0  9996
2 61785  97.2778 120.1112 0006104  33.5407 326.6241 15.70299521145847
LASARSAT
1 62391U 24247Q   26239.00061145  .00036753  00000+0  62768-3 0  9994
2 62391  44.9711 222.9854 0007545  67.9259 292.2433 15.50706273 94295
CROCUBE
1 62394U 24247T   26240.37544953  .00046690  00000+0  72007-3 0  9990
2 62394  44.9690 211.1456 0007712  89.1274 271.0502 15.53448460 94556
PRSC-EO1
1 62725U 25012A   26240.98194571  .00005934  00000+0  29828-3 0  9992
2 62725  97.4176 311.9940 0005631  32.5584 327.5996 15.17615186 89231
TEVEL2-4
1 63213U 25052D   26240.24276209  .00017369  00000+0  48213-3 0  9991
2 63213  97.3798 136.8374 0002426 152.6713 207.4659 15.36965025 81173
TEVEL2-5
1 63214U 25052E   26240.66295125  .00016715  00000+0  46711-3 0  9991
2 63214  97.3793 137.1847 0002278 152.5562 207.5803 15.36763998 81238
TEVEL2-6
1 63215U 25052F   26239.43972244  .00020833  00000+0  58259-3 0  9995
2 63215  97.3805 135.9421 0002084 154.2215 205.9134 15.36696664 81049
TEVEL2-1
1 63217U 25052H   26240.66803541  .00016353  00000+0  46672-3 0  9995
2 63217  97.3767 136.7077 0001827 168.9048 191.2237 15.36110059 81213
TEVEL2-3
1 63218U 25052J   26240.26880765  .00017190  00000+0  48949-3 0  9994
2 63218  97.3777 136.3404 0001607 160.4599 199.6707 15.36172497 81150
TEVEL2-2
1 63219U 25052K   26240.01638888  .00019449  00000+0  55452-3 0  9991
2 63219  97.3772 136.0583 0001647 171.1771 188.9502 15.36106751 81116
OTP-2
1 63235U 25052AB  26240.49705389  .00005598  00000+0  22827-3 0  9992
2 63235  97.3759 131.8529 0004192 268.5441  91.5316 15.24835578 80883
TEVEL2-9
1 63237U 25052AD  26240.22123091  .00014740  00000+0  45085-3 0  9999
2 63237  97.3831 135.4730 0003986 232.3735 127.7146 15.33944175 81063
TEVEL2-7
1 63238U 25052AE  26240.66872846  .00014251  00000+0  44066-3 0  9992
2 63238  97.3833 135.8029 0003983 230.7887 129.3002 15.33604228 81126
TEVEL2-8
1 63239U 25052AF  26240.22087701  .00014520  00000+0  44923-3 0  9994
2 63239  97.3834 135.3304 0003971 234.8700 125.2171 15.33582876 81053
BIOMASS
1 63772U 25090A   26239.96855065 -.00000216  00000+0 -29709-4 0  9998
2 63772  98.0771  66.2533 0001162  91.5206 268.6132 14.67533765 71213
GOSAT-GW (IBUKI GW)
1 64694U 25141A   26240.93977122 -.00000042  00000+0  99663-6 0  9991
2 64694  98.0577 177.0767 0001427  86.4105 273.7263 14.67553276 62510
MTG-S1
1 64723U 25143A   26240.89545485 -.00000006  00000+0  00000+0 0  9994
2 64723   0.5990 344.8520 0003655 250.6707  63.5961  1.00273478  4140
IONOSFERA-M 3
1 64876U 25155A   26240.95710125  .00000025  00000+0  30896-4 0  9999
2 64876  98.6098 201.0538 0001990  43.9128 316.2208 14.21497026 56748
IONOSFERA-M 4
1 64877U 25155B   26240.92142829  .00000032  00000+0  34339-4 0  9991
2 64877  98.6097 200.9358 0001417  53.9257 306.2052 14.21499583 56739
INNOSAT 16 (RS92S7)
1 64878U 25155C   26240.86229799  .00005491  00000+0  21523-3 0  9991
2 64878  97.4643 207.8262 0008454 294.6056  65.4301 15.26157817 91752
GEOSCAN 6 (RS92S6)
1 64879U 25155D   26240.87017364  .00010772  00000+0  35723-3 0  9991
2 64879  97.4630 209.8012 0005341 283.5171  76.5475 15.31428678 91882
GEOSCAN 1 (RS92S1)
1 64880U 25155E   26240.90682972  .00011472  00000+0  37197-3 0  9995
2 64880  97.4625 210.0552 0005238 283.2153  76.8504 15.32138491 91904
239ALFEROV (RS61S)
1 64881U 25155F   26240.89226797  .00015255  00000+0  45422-3 0  9996
2 64881  97.4622 210.8703 0004593 281.4306  78.6421 15.34787285 91957
GEOSCAN 2 (RS92S2)
1 64890U 25155Q   26240.88832320  .00011256  00000+0  36224-3 0  9997
2 64890  97.4625 210.2168 0004552 263.3790  96.6933 15.32385240 91917
GEOSCAN 5 (RS92S5)
1 64891U 25155R   26240.86695726  .00016177  00000+0  47711-3 0  9993
2 64891  97.4614 211.0086 0003561 291.3392  68.7471 15.35079761 91965
GEOSCAN 4 (RS92S4)
1 64892U 25155S   26240.90817572  .00015613  00000+0  45780-3 0  9992
2 64892  97.4619 211.1225 0003401 291.2842  68.8038 15.35271375 91975
GEOSCAN 3 (RS92S3)
1 64893U 25155T   26240.86912464  .00020386  00000+0  55154-3 0  9993
2 64893  97.4605 211.7469 0003139 290.6289  69.4618 15.37729786 92016
INNOSAT 3 (RS92S0)
1 64894U 25155U   26240.91338829  .00050600  00000+0  92727-3 0  9996
2 64894  97.4538 214.4606 0000542 277.4713  82.6476 15.49152749 92207
MICROCARB
1 64899U 25156A   26240.63964717  .00000435  00000+0  75497-4 0  9999
2 64899  98.0039 316.7071 0018081  37.0112 323.2339 14.72924797 58633
CO3D 3
1 64900U 25156B   26240.85598769  .00003940  00000+0  18506-3 0  9997
2 64900  97.4344 318.5045 0000724  95.1535 264.9782 15.20198426 60573
CO3D 4
1 64901U 25156C   26240.85614094  .00004784  00000+0  22403-3 0  9996
2 64901  97.4343 318.5046 0002433  70.0047 290.1450 15.20193232 60576
CO3D 2
1 64902U 25156D   26240.88862023  .00003924  00000+0  18432-3 0  9999
2 64902  97.4343 318.4354 0001227 107.8712 252.2657 15.20196954 60578
CO3D 1
1 64903U 25156E   26240.88877443  .00003933  00000+0  18470-3 0  9994
2 64903  97.4342 318.4356 0001177  96.8042 263.3327 15.20199895 60571
PRSC-S1
1 65055U 25164A   26240.97977494  .00003473  00000+0  23986-3 0  9996
2 65055  41.1292 237.6838 0005663 138.6106 221.5138 15.06947255 59419
METOP-SGA1
1 65159U 25172A   26240.60135492  .00000043  00000+0  39539-4 0  9996
2 65159  98.7104 298.8959 0001056  82.2854 277.8444 14.21500924 54078
FENGYUN 3H
1 65815U 25219A   26241.11424934  .00000026  00000+0  32775-4 0  9992
2 65815  98.6794 180.4731 0001005 105.1840 254.9447 14.19930637 47738
CZ-8A R/B
1 66004U 25231K   26240.65177930  .00000037  00000+0  72405-4 0  9992
2 66004  50.0031  91.0074 0116720 119.2768 241.9873 14.30175910 45317
HRC MONOBLOCK CAMERA
1 66052U 98067XR  26240.29601645  .00164329  00000+0  58212-3 0  9991
2 66052  51.6162 265.3394 0006523  37.4645 322.6814 15.87993682 49400
SENTINEL-6B
1 66514U 25264A   26240.54028664 -.00000055  00000+0  24949-4 0  9992
2 66514  66.0448 344.8991 0007825 267.6191  92.3928 12.80928745 36439
SZ-21 MODULE
1 66515U 25246C   26240.98319252  .00066751  00000+0  29817-3 0  9999
2 66515  41.4701 211.7392 0009766 189.2643 170.8025 15.83202155 45259
CAS500-3
1 66655U 25274F   26240.75667467  .00001118  00000+0  12673-3 0  9992
2 66655  97.7420 167.1466 0004637  15.5792 344.5567 14.88292584 40941
FORESAIL-1 PRIME
1 66778U 25276DS  26241.18413943  .00004140  00000+0  19972-3 0  9993
2 66778  97.4148 313.1243 0002047 167.8946 192.2338 15.19235974 41481
DUPLEX
1 66906U 98067XS  26240.32579841  .00037386  00000+0  33388-3 0  9994
2 66906  51.6247 283.7333 0004205  65.2383 294.9050 15.68014504 41953
SPACEMOBILE-006
1 67232U 25309A   26239.77491028  .00002384  00000+0  12819-3 0  9999
2 67232  52.9986   3.6621 0010792   2.4199 357.6845 15.18837764 37472
CSG-3
1 67304U 26001A   26240.77286790  .00000260  00000+0  39224-4 0  9990
2 67304  97.8913  63.3373 0001375  87.4956 272.6415 14.82156795 35215
KNACKSAT-2
1 67683U 98067XZ  26240.33115742  .00046541  00000+0  43464-3 0  9993
2 67683  51.6256 289.7962 0007444  93.0444 267.1404 15.66786499 31563
GXIBA-1
1 67685U 98067YB  26239.39864452  .00091158  00000+0  74093-3 0  9994
2 67685  51.6243 292.5442 0008090  83.2443 276.9474 15.69896805 31442
UITMSAT-2
1 67686U 98067YC  26240.31333312  .00120053  00000+0  67779-3 0  9995
2 67686  51.6231 283.6152 0008346  49.5387 310.6340 15.78227432 31649
LEOPARD
1 67687U 98067YD  26239.70409349  .00105214  00000+0  85172-3 0  9990
2 67687  51.6264 291.6185 0007912  54.4268 305.7466 15.69934760 31409
HMU-SAT2
1 67688U 98067YE  26240.42255260  .00109176  00000+0  74246-3 0  9994
2 67688  51.6239 285.1330 0007671  53.7585 306.4122 15.74042028 31554
CREW DRAGON 12
1 67796U 26031A   26241.14359911  .00006447  00000+0  12539-3 0  9998
2 67796  51.6318 298.9928 0004983  87.4693 272.6866 15.48924180583824
PROGRESS-MS 33
1 68319U 26058A   26241.14359911  .00006447  00000+0  12539-3 0  9999
2 68319  51.6318 298.9928 0004983  87.4693 272.6866 15.48924180583905
CYGNUS NG-24
1 68689U 26079A   26240.88552474  .00011482  00000+0  21677-3 0  9999
2 68689  51.6317 300.2698 0005025  85.3239 274.8323 15.48926310583905
PRSC-E03
1 68835U 26092A   26240.75183662  .00002602  00000+0  17770-3 0  9995
2 68835  38.0018  21.6707 0005011 246.7892 113.2342 15.06984431 18905
PROGRESS-MS 34
1 68837U 26093A   26240.88552474  .00011482  00000+0  21677-3 0  9990
2 68837  51.6317 300.2698 0005025  85.3239 274.8323 15.48926310583944
CAS500-2
1 69013U 26100AK  26241.13647917  .00006184  00000+0  28537-3 0  9997
2 69013  97.3788 137.5188 0010929 105.7982 254.4459 15.20532910 17895
TIANZHOU-10
1 69049U 26102A   26240.87178076  .00018330  00000+0  22938-3 0  9998
2 69049  41.4674 240.7748 0001832 253.6934 106.3702 15.59363903304958
SMILE
1 69123U 26109A   26239.15083536  .00000698  00000+0  00000+0 0  9993
2 69123  70.0225 206.3680 8216250 286.1373 359.9692  0.47509459   273
SHENZHOU-23 (SZ-23)
1 69180U 26113A   26240.87178076  .00018330  00000+0  22938-3 0  9996
2 69180  41.4674 240.7748 0001832 253.6934 106.3702 15.59363903304730
SPACEMOBILE-008
1 69589U 26139A   26240.87727826  .00001240  00000+0  86438-4 0  9998
2 69589  52.9954 292.5261 0003912 166.2611 193.8488 15.12929604 10986
SPACEMOBILE-009
1 69590U 26139B   26240.55197825  .00001392  00000+0  95244-4 0  9998
2 69590  52.9949 294.0476 0004326 162.9045 197.2092 15.12824633 10931
SPACEMOBILE-010
1 69591U 26139C   26240.55972071  .00001580  00000+0  10622-3 0  9998
2 69591  52.9950 294.0995 0004656 154.6045 205.5176 15.12676610 10941
MARINA
1 69920U 26156BD  26240.45126307  .00001891  00000+0  19152-3 0  9997
2 69920  97.7465 140.0531 0007296 354.7278   5.3863 14.92105327  7770
